data;

param n := 14;

param p := 13;

param AG :
	1	2	3	4	5	6	7	8	9	10	11	12	13	14 :=
1	0	0	0	0	0	0	0	0	0	0	0	0	0	0
2	0	0	0	0	0	0	0	0	0	0	0	0	0	0
3	0	0	0	0	0	0	0	0	0	0	0	0	0	0
4	0	0	0	0	0	0	0	0	0	0	0	0	0	0
5	0	0	0	0	0	0	0	0	0	0	0	0	0	0
6	0	0	0	0	0	0	0	0	0	0	0	0	0	0
7	0	0	0	0	0	0	0	0	0	0	0	0	0	0
8	0	0	0	0	0	0	0	0	0	0	0	0	0	0
9	0	0	0	0	0	0	0	0	0	0	0	0	0	0
10	0	0	0	0	0	0	0	0	0	0	0	0	0	0
11	0	0	0	0	0	0	0	0	0	0	0	0	0	0
12	0	0	0	0	0	0	0	0	0	0	0	0	0	0
13	0	0	0	0	0	0	0	0	0	0	0	0	0	0
14	0	0	0	0	0	0	0	0	0	0	0	0	0	0
;

param PI :
	1	2	3	4	5	6	7	8	9	10	11	12	13 :=
1	2.025	2.1327	2.2145	2.085	2.1045	2.31	2.31	2.2118	2.205	2.31	2.085	1.975	2.3127
2	1.9727	2.1145	2.16	2.06	2.0	2.1927	2.1927	2.1382	2.0727	2.1927	2.06	1.9	2.2145
3	2.1455	2.2659	2.3455	2.2	2.2455	2.4655	2.4655	2.37	2.3205	2.4655	2.2	2.1	2.4409
4	2.425	2.5673	2.6536	2.515	2.4886	2.73	2.73	2.6264	2.615	2.73	2.515	2.35	2.7573
5	2.7795	2.98	3.0436	2.905	2.8136	3.0845	3.0845	3.0082	2.9195	3.0845	2.905	2.675	3.12
6	2.4023	2.5564	2.6291	2.495	2.4591	2.6973	2.6973	2.61	2.5623	2.6973	2.495	2.325	2.7164
7	3.5591	3.7877	3.8945	3.69	3.6545	4.0091	4.0091	3.8809	3.7941	4.0091	3.69	3.45	4.0227
8	2.6568	2.805	2.9073	2.755	2.7273	2.9918	2.9918	2.8691	2.8818	2.9918	2.755	2.575	3.03
9	2.2295	2.3677	2.4382	2.295	2.3182	2.5445	2.5445	2.46	2.3845	2.5445	2.295	2.175	2.5227
10	1.9955	2.1	2.1818	2.05	2.0818	2.2855	2.2855	2.1873	2.1755	2.2855	2.05	1.95	2.28
11	2.8159	3.0341	3.0818	2.925	2.8818	3.1609	3.1609	3.1036	2.9209	3.1609	2.925	2.725	3.1391
12	2.4909	2.65	2.7273	2.6	2.5273	2.7709	2.7709	2.6782	2.6609	2.7709	2.6	2.4	2.82
13	2.4773	2.6355	2.7082	2.54	2.5932	2.8473	2.8473	2.76	2.6373	2.8473	2.54	2.425	2.7955
14	2.8045	3.0114	3.0682	2.9	2.8932	3.1745	3.1745	3.1064	2.9295	3.1745	2.9	2.725	3.1364
;

param CA :
	1	2	3	4	5	6	7	8	9	10	11	12	13	14 :=
1	0.0	6.0	0.0	0.0	12.0	6.0	0.0	0.0	6.0	18.0	0.0	0.0	0.0	12.0
2	6.0	0.0	0.0	6.0	0.0	0.0	6.0	0.0	6.0	18.0	0.0	6.0	12.0	6.0
3	0.0	0.0	0.0	0.0	12.0	0.0	6.0	12.0	0.0	0.0	6.0	0.0	12.0	0.0
4	0.0	6.0	0.0	0.0	6.0	6.0	0.0	12.0	0.0	6.0	12.0	6.0	0.0	12.0
5	12.0	0.0	12.0	6.0	0.0	0.0	0.0	6.0	0.0	18.0	0.0	0.0	0.0	6.0
6	6.0	0.0	0.0	6.0	0.0	0.0	0.0	18.0	0.0	12.0	0.0	6.0	0.0	6.0
7	0.0	6.0	6.0	0.0	0.0	0.0	0.0	0.0	12.0	12.0	0.0	6.0	6.0	6.0
8	0.0	0.0	12.0	12.0	6.0	18.0	0.0	0.0	6.0	0.0	0.0	0.0	0.0	12.0
9	6.0	6.0	0.0	0.0	0.0	0.0	12.0	6.0	0.0	0.0	12.0	0.0	6.0	0.0
10	18.0	18.0	0.0	6.0	18.0	12.0	12.0	0.0	0.0	0.0	0.0	6.0	6.0	0.0
11	0.0	0.0	6.0	12.0	0.0	0.0	0.0	0.0	12.0	0.0	0.0	6.0	6.0	6.0
12	0.0	6.0	0.0	6.0	0.0	6.0	6.0	0.0	0.0	6.0	6.0	0.0	12.0	0.0
13	0.0	12.0	12.0	0.0	0.0	0.0	6.0	0.0	6.0	6.0	6.0	12.0	0.0	0.0
14	12.0	6.0	0.0	12.0	6.0	6.0	6.0	12.0	0.0	0.0	6.0	0.0	0.0	0.0
;

param CP :
	1	2	3	4	5	6	7	8	9	10	11	12	13 :=
1	0.0	1.0358	1.8179	1.8065	1.9237	1.4323	1.1134	1.178	1.5958	1.7825	1.3995	1.5597	1.2191
2	1.0358	0.0	1.6594	1.5757	1.9759	1.3515	1.7783	1.397	1.0438	1.0732	1.098	1.5368	1.1876
3	1.8179	1.6594	0.0	1.7317	1.4501	1.9181	1.0365	1.7468	1.8771	1.965	1.5147	1.2067	1.7575
4	1.8065	1.5757	1.7317	0.0	1.3802	1.8436	1.5861	1.8136	1.1076	1.8324	1.2808	1.1394	1.1752
5	1.9237	1.9759	1.4501	1.3802	0.0	1.9901	1.3046	1.0196	1.1438	1.7809	1.8951	1.6371	1.1374
6	1.4323	1.3515	1.9181	1.8436	1.9901	0.0	1.4232	1.0197	1.6278	1.4471	1.6004	1.3945	1.3418
7	1.1134	1.7783	1.0365	1.5861	1.3046	1.4232	0.0	1.5199	1.669	1.9576	1.4255	1.4956	1.5748
8	1.178	1.397	1.7468	1.8136	1.0196	1.0197	1.5199	0.0	1.7078	1.6667	1.7516	1.0258	1.6392
9	1.5958	1.0438	1.8771	1.1076	1.1438	1.6278	1.669	1.7078	0.0	1.4135	1.8584	1.5329	1.4691
10	1.7825	1.0732	1.965	1.8324	1.7809	1.4471	1.9576	1.6667	1.4135	0.0	1.6418	1.5465	1.889
11	1.3995	1.098	1.5147	1.2808	1.8951	1.6004	1.4255	1.7516	1.8584	1.6418	0.0	1.0741	1.5305
12	1.5597	1.5368	1.2067	1.1394	1.6371	1.3945	1.4956	1.0258	1.5329	1.5465	1.0741	0.0	1.8129
13	1.2191	1.1876	1.7575	1.1752	1.1374	1.3418	1.5748	1.6392	1.4691	1.889	1.5305	1.8129	0.0
;

# Dups: 1

# Chans: 70

# Actor Affinities
# 21 22 36
# 24 32 20
# 29 20 35
# 23 33 38
# 33 46 28
# 27 34 32
# 43 48 47
# 22 36 45
# 32 24 31
# 22 20 36
# 48 40 21
# 22 40 34
# 42 23 32
# 49 35 25

# Processor Affinities
# 12 11 12
# 11 10 12
# 11 10 11
# 12 10 12
# 11 12 11
# 10 11 10
# 10 11 10
# 10 11 11
# 12 11 10
# 10 11 10
# 12 10 12
# 12 12 12
# 11 10 10

# Topology
# 0 0 0 0 -2 0 0 6 0 0 0 0 0 0
# 0 -1 0 0 0 0 0 0 0 3 0 0 0 0
# 0 0 0 0 0 0 0 0 2 0 -1 0 0 0
# 0 0 1 0 -2 0 0 0 0 0 0 0 0 0
# 0 0 0 0 0 2 0 -6 0 0 0 0 0 0
# 0 0 0 0 -2 0 0 0 0 3 0 0 0 0
# 2 0 0 0 -2 0 0 0 0 0 0 0 0 0
# 0 0 0 0 0 0 0 0 0 3 0 0 -1 0
# 0 0 0 0 -2 0 0 0 0 3 0 0 0 0
# 0 -1 0 0 0 0 0 0 0 0 0 3 0 0
# 0 0 0 0 0 0 -1 0 0 3 0 0 0 0
# 0 0 0 0 0 0 0 0 2 0 -1 0 0 0
# 0 -1 0 0 0 0 0 0 0 0 0 0 1 0
# 0 0 0 0 0 0 -1 0 0 0 0 3 0 0
# 0 0 1 0 0 0 0 0 0 0 0 0 -1 0
# 0 0 0 0 0 2 0 0 0 0 0 0 0 -6
# 0 0 1 0 0 0 0 0 0 0 0 0 -1 0
# 0 0 0 0 0 0 0 0 0 0 1 0 0 -6
# 0 0 0 0 0 0 0 6 0 0 0 0 0 -6
# 0 -1 0 0 0 0 0 0 0 3 0 0 0 0
# 0 0 0 -6 0 0 0 0 0 3 0 0 0 0
# 0 0 0 6 0 0 0 0 0 0 0 0 0 -6
# 0 0 0 0 0 0 0 -6 2 0 0 0 0 0
# 0 0 0 0 -2 0 0 0 0 3 0 0 0 0
# 0 0 0 0 0 0 -1 0 2 0 0 0 0 0
# 0 0 0 0 0 0 0 0 0 3 0 -3 0 0
# -2 0 0 0 0 0 0 0 0 3 0 0 0 0
# 0 0 1 0 0 0 0 0 0 0 -1 0 0 0
# 0 0 0 6 0 0 0 0 0 0 0 0 0 -6
# 0 0 0 0 0 0 0 0 0 0 -1 3 0 0
# -2 0 0 0 0 0 0 0 2 0 0 0 0 0
# 0 0 0 0 0 0 1 0 0 0 0 0 0 -6
# 0 0 0 6 0 0 0 0 0 0 -1 0 0 0
# 0 -1 0 0 0 0 0 0 2 0 0 0 0 0
# -2 0 0 0 0 0 0 0 0 3 0 0 0 0
# 0 0 1 0 0 0 -1 0 0 0 0 0 0 0
# 2 0 0 0 -2 0 0 0 0 0 0 0 0 0
# 0 -1 0 0 0 0 0 0 0 0 0 0 1 0
# 0 0 1 0 -2 0 0 0 0 0 0 0 0 0
# 0 0 0 0 0 0 0 0 0 0 0 3 -1 0
# 0 0 0 0 0 2 0 -6 0 0 0 0 0 0
# 0 0 0 0 0 2 0 0 0 0 0 -3 0 0
# 0 -1 0 0 0 0 1 0 0 0 0 0 0 0
# 0 0 0 -6 0 0 0 0 0 0 0 3 0 0
# 0 0 1 0 0 0 0 -6 0 0 0 0 0 0
# 0 -1 0 0 0 0 0 0 0 3 0 0 0 0
# 0 0 0 0 0 0 0 0 2 0 0 0 -1 0
# 0 0 0 0 0 0 -1 0 0 3 0 0 0 0
# 0 0 0 -6 0 2 0 0 0 0 0 0 0 0
# 0 0 0 0 0 0 0 0 0 0 0 3 -1 0
# 0 0 0 -6 0 0 0 6 0 0 0 0 0 0
# 2 -1 0 0 0 0 0 0 0 0 0 0 0 0
# -2 0 0 0 0 0 0 0 0 3 0 0 0 0
# 0 -1 0 0 0 0 0 0 0 0 0 0 0 6
# 2 0 0 0 0 0 0 0 0 0 0 0 0 -6
# 0 0 0 0 0 0 0 6 0 0 0 0 0 -6
# 0 0 0 0 0 0 -1 0 2 0 0 0 0 0
# 0 0 1 0 0 0 0 -6 0 0 0 0 0 0
# 0 0 0 -6 0 0 0 6 0 0 0 0 0 0
# 0 0 0 0 -2 0 0 0 0 0 0 0 0 6
# 0 0 0 0 0 0 0 0 0 0 -1 0 1 0
# -2 0 0 0 0 2 0 0 0 0 0 0 0 0
# 0 -1 0 6 0 0 0 0 0 0 0 0 0 0
# 0 0 0 6 -2 0 0 0 0 0 0 0 0 0
# 0 0 0 6 0 0 0 0 0 0 -1 0 0 0
# 2 0 0 0 0 0 0 0 0 0 0 0 0 -6
# 0 0 0 0 0 2 0 0 0 -3 0 0 0 0
# 0 0 0 0 0 0 1 0 0 0 0 0 -1 0
# 0 0 0 0 0 2 0 0 0 -3 0 0 0 0
# 0 0 0 0 0 2 0 -6 0 0 0 0 0 0
