data;

param n := 14;

param p := 13;

param AG :
	1	2	3	4	5	6	7	8	9	10	11	12	13	14 :=
1	0	0	0	0	0	0	0	0	0	0	0	0	0	0
2	0	0	0	0	0	0	0	0	0	0	0	0	0	0
3	0	0	0	0	0	0	0	0	0	0	0	0	0	0
4	0	0	0	0	0	0	0	0	0	0	0	0	0	0
5	0	0	0	0	0	0	0	0	0	0	0	0	0	0
6	0	0	0	0	0	0	0	0	0	0	0	0	0	0
7	0	0	0	0	0	0	0	0	0	0	0	0	0	0
8	0	0	0	0	0	0	0	0	0	0	0	0	0	0
9	0	0	0	0	0	0	0	0	0	0	0	0	0	0
10	0	0	0	0	0	0	0	0	0	0	0	0	0	0
11	0	0	0	0	0	0	0	0	0	0	0	0	0	0
12	0	0	0	0	0	0	0	0	0	0	0	0	0	0
13	0	0	0	0	0	0	0	0	0	0	0	0	0	0
14	0	0	0	0	0	0	0	0	0	0	0	0	0	0
;

param PI :
	1	2	3	4	5	6	7	8	9	10	11	12	13 :=
1	3.5264	3.46	3.1886	3.4336	3.2227	3.1364	3.27	3.2923	3.3064	3.3264	3.44	3.4964	3.3
2	2.0127	1.965	1.8205	1.9555	1.8341	1.7864	1.86	1.8777	1.8914	1.8914	1.965	1.9964	1.8818
3	3.3245	3.31	3.0432	3.2482	3.0727	2.9682	3.08	3.1686	3.1082	3.1982	3.22	3.3382	3.1364
4	2.4436	2.42	2.2727	2.3727	2.2591	2.1705	2.225	2.3791	2.3005	2.3655	2.355	2.4955	2.3182
5	3.2018	3.06	2.9409	3.0709	2.8909	2.8091	2.88	3.0391	3.0491	2.9891	3.12	3.2291	3.0
6	2.9264	2.88	2.6159	2.8609	2.6727	2.6114	2.745	2.6895	2.7314	2.7464	2.865	2.8664	2.7273
7	2.6536	2.615	2.3909	2.5909	2.4295	2.3659	2.475	2.4673	2.4809	2.5059	2.59	2.6209	2.4818
8	2.22	2.16	2.0045	2.1545	2.0182	1.9682	2.05	2.0645	2.0882	2.0782	2.17	2.1982	2.0727
9	2.7436	2.73	2.5182	2.6782	2.5364	2.4477	2.535	2.6245	2.5677	2.6427	2.655	2.7627	2.5909
10	2.8255	2.795	2.5477	2.7627	2.5932	2.5227	2.64	2.6323	2.6377	2.6777	2.755	2.7927	2.6455
11	2.8173	2.705	2.5318	2.7218	2.5386	2.4864	2.59	2.5945	2.6614	2.6014	2.765	2.7764	2.6182
12	3.3955	3.315	3.1091	3.2891	3.1023	3.0068	3.105	3.2236	3.2018	3.2168	3.3	3.4118	3.1909
13	2.3318	2.23	2.1341	2.2391	2.1045	2.0477	2.105	2.2023	2.2177	2.1727	2.275	2.3427	2.1818
14	3.5291	3.455	3.1886	3.4336	3.2205	3.1364	3.27	3.2895	3.3114	3.3214	3.445	3.4964	3.3
;

param CA :
	1	2	3	4	5	6	7	8	9	10	11	12	13	14 :=
1	0.0	6.0	6.0	0.0	0.0	12.0	12.0	6.0	12.0	0.0	0.0	12.0	0.0	0.0
2	6.0	0.0	12.0	12.0	6.0	0.0	0.0	6.0	0.0	12.0	0.0	6.0	0.0	12.0
3	6.0	12.0	0.0	0.0	0.0	0.0	6.0	12.0	6.0	0.0	0.0	0.0	0.0	6.0
4	0.0	12.0	0.0	0.0	0.0	0.0	6.0	6.0	6.0	24.0	0.0	6.0	0.0	6.0
5	0.0	6.0	0.0	0.0	0.0	0.0	0.0	6.0	18.0	6.0	6.0	6.0	0.0	0.0
6	12.0	0.0	0.0	0.0	0.0	0.0	12.0	0.0	0.0	12.0	12.0	0.0	6.0	6.0
7	12.0	0.0	6.0	6.0	0.0	12.0	0.0	0.0	6.0	0.0	0.0	6.0	0.0	6.0
8	6.0	6.0	12.0	6.0	6.0	0.0	0.0	0.0	12.0	0.0	12.0	0.0	6.0	0.0
9	12.0	0.0	6.0	6.0	18.0	0.0	6.0	12.0	0.0	0.0	6.0	6.0	0.0	0.0
10	0.0	12.0	0.0	24.0	6.0	12.0	0.0	0.0	0.0	0.0	0.0	0.0	0.0	0.0
11	0.0	0.0	0.0	0.0	6.0	12.0	0.0	12.0	6.0	0.0	0.0	12.0	18.0	6.0
12	12.0	6.0	0.0	6.0	6.0	0.0	6.0	0.0	6.0	0.0	12.0	0.0	0.0	6.0
13	0.0	0.0	0.0	0.0	0.0	6.0	0.0	6.0	0.0	0.0	18.0	0.0	0.0	12.0
14	0.0	12.0	6.0	6.0	0.0	6.0	6.0	0.0	0.0	0.0	6.0	6.0	12.0	0.0
;

param CP :
	1	2	3	4	5	6	7	8	9	10	11	12	13 :=
1	0.0	1.2298	1.7832	1.9189	1.4251	1.1995	1.6048	1.1631	1.2246	1.5993	1.5105	1.1103	1.472
2	1.2298	0.0	1.3712	1.3197	1.6758	1.1413	1.263	1.8628	1.9	1.8668	1.0898	1.0144	1.5638
3	1.7832	1.3712	0.0	1.0259	1.3354	1.1823	1.5588	1.7854	1.0767	1.0123	1.8077	1.3034	1.721
4	1.9189	1.3197	1.0259	0.0	1.6981	1.1392	1.7893	1.3587	1.6984	1.8079	1.7408	1.3404	1.2093
5	1.4251	1.6758	1.3354	1.6981	0.0	1.9116	1.4688	1.0594	1.1133	1.9592	1.1469	1.4272	1.9703
6	1.1995	1.1413	1.1823	1.1392	1.9116	0.0	1.5696	1.1368	1.9172	1.5946	1.7304	1.6824	1.4075
7	1.6048	1.263	1.5588	1.7893	1.4688	1.5696	0.0	1.183	1.6577	1.8078	1.7525	1.8976	1.4861
8	1.1631	1.8628	1.7854	1.3587	1.0594	1.1368	1.183	0.0	1.6759	1.9918	1.4815	1.6779	1.257
9	1.2246	1.9	1.0767	1.6984	1.1133	1.9172	1.6577	1.6759	0.0	1.3016	1.4955	1.9095	1.7197
10	1.5993	1.8668	1.0123	1.8079	1.9592	1.5946	1.8078	1.9918	1.3016	0.0	1.1827	1.5058	1.3847
11	1.5105	1.0898	1.8077	1.7408	1.1469	1.7304	1.7525	1.4815	1.4955	1.1827	0.0	1.4634	1.3014
12	1.1103	1.0144	1.3034	1.3404	1.4272	1.6824	1.8976	1.6779	1.9095	1.5058	1.4634	0.0	1.761
13	1.472	1.5638	1.721	1.2093	1.9703	1.4075	1.4861	1.257	1.7197	1.3847	1.3014	1.761	0.0
;

# Dups: 1

# Chans: 70

# Actor Affinities
# 34 49 38
# 21 27 21
# 28 41 46
# 26 20 39
# 48 26 36
# 24 49 27
# 23 40 28
# 24 30 22
# 24 32 39
# 23 43 31
# 35 38 23
# 39 36 42
# 34 21 25
# 35 49 37

# Processor Affinities
# 10 10 11
# 12 10 10
# 11 12 11
# 11 10 11
# 12 11 11
# 12 11 12
# 12 10 12
# 11 12 10
# 10 11 12
# 12 11 10
# 10 10 12
# 10 11 10
# 11 11 11

# Topology
# 0 0 0 2 0 0 0 0 0 -1 0 0 0 0
# 0 0 0 0 0 0 3 0 0 0 0 -6 0 0
# 1 -6 0 0 0 0 0 0 0 0 0 0 0 0
# 0 -6 6 0 0 0 0 0 0 0 0 0 0 0
# 0 0 0 0 0 -2 0 0 0 1 0 0 0 0
# 0 0 0 0 0 0 0 0 0 0 3 -6 0 0
# 0 0 0 0 0 0 0 -2 3 0 0 0 0 0
# 0 0 0 0 0 0 0 0 0 0 3 0 0 -2
# 0 0 0 -2 0 0 3 0 0 0 0 0 0 0
# 0 0 0 2 0 0 0 0 0 -1 0 0 0 0
# 0 6 0 0 0 0 0 -2 0 0 0 0 0 0
# 0 0 0 2 0 0 0 0 0 -1 0 0 0 0
# 0 -6 0 0 0 0 0 0 0 0 0 6 0 0
# 0 -6 0 0 0 0 0 0 0 0 0 0 0 2
# 1 0 0 0 0 0 -3 0 0 0 0 0 0 0
# 0 0 0 0 0 0 3 0 -3 0 0 0 0 0
# 0 -6 0 0 3 0 0 0 0 0 0 0 0 0
# 0 0 0 2 0 0 0 0 0 -1 0 0 0 0
# 0 0 0 0 3 0 0 0 -3 0 0 0 0 0
# 1 0 0 0 0 -2 0 0 0 0 0 0 0 0
# 1 0 0 0 0 0 0 -2 0 0 0 0 0 0
# 1 0 0 0 0 0 0 0 -3 0 0 0 0 0
# 0 0 0 0 0 0 0 0 0 0 3 0 -1 0
# 0 0 0 0 0 -2 0 0 0 0 0 0 1 0
# 0 -6 0 2 0 0 0 0 0 0 0 0 0 0
# 0 0 0 0 0 0 0 0 0 0 0 0 -1 2
# 0 0 0 0 0 0 0 0 0 0 0 0 -1 2
# 0 0 0 -2 0 0 0 0 0 0 0 0 0 2
# 0 0 0 0 0 -2 0 0 0 1 0 0 0 0
# 0 0 -6 0 0 0 0 0 0 0 0 0 0 2
# 1 0 0 0 0 0 -3 0 0 0 0 0 0 0
# 0 0 0 2 0 0 0 0 -3 0 0 0 0 0
# 0 0 0 0 0 0 0 0 -3 0 0 6 0 0
# 0 0 6 0 0 0 0 -2 0 0 0 0 0 0
# 0 0 -6 0 0 0 3 0 0 0 0 0 0 0
# 0 0 0 0 3 0 0 -2 0 0 0 0 0 0
# 0 0 0 0 0 -2 3 0 0 0 0 0 0 0
# 0 0 0 0 0 -2 0 0 0 0 3 0 0 0
# 0 0 0 0 0 0 0 -2 0 0 3 0 0 0
# 0 0 0 0 0 -2 0 0 0 0 3 0 0 0
# 0 0 0 0 3 0 0 0 0 0 0 -6 0 0
# 0 -6 0 2 0 0 0 0 0 0 0 0 0 0
# 0 0 0 0 0 0 0 0 0 0 0 -6 0 2
# 0 -6 0 0 0 0 0 0 0 0 0 0 0 2
# 0 0 0 0 0 -2 3 0 0 0 0 0 0 0
# 0 0 0 0 0 0 -3 0 0 0 0 0 0 2
# 0 0 0 0 3 0 0 0 -3 0 0 0 0 0
# 0 -6 6 0 0 0 0 0 0 0 0 0 0 0
# 0 -6 0 0 0 0 0 0 0 1 0 0 0 0
# 0 0 0 0 0 0 0 0 0 0 3 0 -1 0
# 0 0 6 0 0 0 0 0 -3 0 0 0 0 0
# 0 0 0 0 3 0 0 0 0 -1 0 0 0 0
# 0 0 0 0 0 0 0 -2 3 0 0 0 0 0
# 0 -6 0 0 0 0 0 0 0 1 0 0 0 0
# 0 0 0 0 3 0 0 0 -3 0 0 0 0 0
# 0 0 0 0 3 0 0 0 0 0 -3 0 0 0
# 0 0 6 0 0 0 0 -2 0 0 0 0 0 0
# 0 0 0 0 0 0 0 0 0 0 3 -6 0 0
# 0 0 0 0 0 0 0 0 0 0 3 0 -1 0
# 1 0 -6 0 0 0 0 0 0 0 0 0 0 0
# 0 0 0 2 0 0 0 -2 0 0 0 0 0 0
# 1 0 0 0 0 -2 0 0 0 0 0 0 0 0
# 0 0 0 0 0 0 0 0 -3 0 3 0 0 0
# 0 0 0 0 0 -2 0 0 0 0 0 0 0 2
# 0 0 0 0 0 0 0 -2 0 0 0 0 1 0
# 0 0 0 0 0 0 0 -2 0 0 3 0 0 0
# 1 0 0 0 0 0 0 0 0 0 0 -6 0 0
# 1 0 0 0 0 0 0 0 -3 0 0 0 0 0
# 1 0 0 0 0 0 0 0 0 0 0 -6 0 0
# 0 0 0 -2 0 0 0 0 0 0 0 6 0 0
