data;

param n := 12;

param p := 13;

param AG :
	1	2	3	4	5	6	7	8	9	10	11	12 :=
1	0	0	0	0	0	0	0	0	0	0	0	0
2	0	0	0	0	0	0	0	0	0	0	0	0
3	0	0	0	0	0	0	0	0	0	0	0	0
4	0	0	0	0	0	0	0	0	0	0	0	0
5	0	0	0	0	0	0	0	0	0	0	0	0
6	0	0	0	0	0	0	0	0	0	0	0	0
7	0	0	0	0	0	0	0	0	0	0	0	0
8	0	0	0	0	0	0	0	0	0	0	0	0
9	0	0	0	0	0	0	0	0	0	0	0	0
10	0	0	0	0	0	0	0	0	0	0	0	0
11	0	0	0	0	0	0	0	0	0	0	0	0
12	0	0	0	0	0	0	0	0	0	0	0	0
;

param PI :
	1	2	3	4	5	6	7	8	9	10	11	12	13 :=
1	3.3	3.3491	3.1091	3.3	3.0	3.1691	3.24	3.1691	3.43	3.2991	3.1682	3.54	3.06
2	2.445	2.55	2.325	2.565	2.2773	2.4423	2.5023	2.4423	2.555	2.4977	2.375	2.67	2.34
3	2.565	2.4845	2.3795	2.435	2.2727	2.3777	2.3777	2.3777	2.565	2.4368	2.3795	2.67	2.33
4	3.7	3.6982	3.4682	3.69	3.3591	3.5645	3.5891	3.5645	3.745	3.6141	3.4886	3.93	3.46
5	3.4	3.3818	3.1818	3.38	3.0818	3.2709	3.2818	3.2709	3.42	3.3	3.1909	3.6	3.18
6	3.15	3.1255	2.9455	3.16	2.8682	3.0618	3.0482	3.0618	3.125	3.0323	2.9341	3.33	2.98
7	3.035	2.9264	2.8114	2.935	2.7136	2.8723	2.8286	2.8723	2.955	2.8377	2.775	3.15	2.82
8	3.52	3.5345	3.3045	3.59	3.2318	3.4645	3.4618	3.4645	3.515	3.4277	3.3023	3.75	3.36
9	3.26	3.1527	3.0227	3.18	2.9273	3.1091	3.0573	3.1091	3.165	3.0505	2.9795	3.39	3.05
10	3.58	3.5455	3.3455	3.55	3.2409	3.4409	3.4409	3.4409	3.58	3.4545	3.3455	3.78	3.35
11	2.765	2.8118	2.6068	2.78	2.5205	2.6682	2.7255	2.6682	2.87	2.7664	2.6545	2.97	2.575
12	2.155	2.1409	2.0159	2.18	1.9705	2.1118	2.0955	2.1118	2.125	2.0705	2.0023	2.28	2.055
;

param CA :
	1	2	3	4	5	6	7	8	9	10	11	12 :=
1	0.0	1.0	2.0	1.0	0.0	1.0	2.0	0.0	1.0	2.0	0.0	1.0
2	1.0	0.0	1.0	0.0	2.0	1.0	1.0	0.0	0.0	0.0	0.0	1.0
3	2.0	1.0	0.0	0.0	1.0	2.0	0.0	1.0	4.0	0.0	0.0	0.0
4	1.0	0.0	0.0	0.0	3.0	4.0	1.0	1.0	0.0	0.0	2.0	1.0
5	0.0	2.0	1.0	3.0	0.0	0.0	2.0	1.0	1.0	2.0	0.0	0.0
6	1.0	1.0	2.0	4.0	0.0	0.0	1.0	0.0	0.0	2.0	0.0	1.0
7	2.0	1.0	0.0	1.0	2.0	1.0	0.0	0.0	0.0	0.0	1.0	1.0
8	0.0	0.0	1.0	1.0	1.0	0.0	0.0	0.0	0.0	2.0	1.0	1.0
9	1.0	0.0	4.0	0.0	1.0	0.0	0.0	0.0	0.0	0.0	3.0	1.0
10	2.0	0.0	0.0	0.0	2.0	2.0	0.0	2.0	0.0	0.0	1.0	1.0
11	0.0	0.0	0.0	2.0	0.0	0.0	1.0	1.0	3.0	1.0	0.0	1.0
12	1.0	1.0	0.0	1.0	0.0	1.0	1.0	1.0	1.0	1.0	1.0	0.0
;

param CP :
	1	2	3	4	5	6	7	8	9	10	11	12	13 :=
1	0.0	1.0954	1.1393	1.3297	1.9684	1.7544	1.2706	1.802	1.3642	1.63	1.7654	1.8756	1.1876
2	1.0954	0.0	1.8307	1.6067	1.437	1.5222	1.1232	1.7332	1.9763	1.8602	1.4487	1.1152	1.8864
3	1.1393	1.8307	0.0	1.1021	1.048	1.8599	1.7284	1.8887	1.5093	1.6085	1.7084	1.9508	1.6188
4	1.3297	1.6067	1.1021	0.0	1.0711	1.0127	1.4614	1.0067	1.2498	1.5536	1.9532	1.9909	1.0175
5	1.9684	1.437	1.048	1.0711	0.0	1.6119	1.7844	1.9627	1.4778	1.9386	1.9947	1.0033	1.696
6	1.7544	1.5222	1.8599	1.0127	1.6119	0.0	1.7101	1.5701	1.2155	1.833	1.8519	1.4515	1.0819
7	1.2706	1.1232	1.7284	1.4614	1.7844	1.7101	0.0	1.217	1.8004	1.2979	1.5351	1.2568	1.477
8	1.802	1.7332	1.8887	1.0067	1.9627	1.5701	1.217	0.0	1.8457	1.9527	1.7216	1.2062	1.3384
9	1.3642	1.9763	1.5093	1.2498	1.4778	1.2155	1.8004	1.8457	0.0	1.1376	1.436	1.0229	1.6386
10	1.63	1.8602	1.6085	1.5536	1.9386	1.833	1.2979	1.9527	1.1376	0.0	1.2551	1.6282	1.0105
11	1.7654	1.4487	1.7084	1.9532	1.9947	1.8519	1.5351	1.7216	1.436	1.2551	0.0	1.672	1.7427
12	1.8756	1.1152	1.9508	1.9909	1.0033	1.4515	1.2568	1.2062	1.0229	1.6282	1.672	0.0	1.1741
13	1.1876	1.8864	1.6188	1.0175	1.696	1.0819	1.477	1.3384	1.6386	1.0105	1.7427	1.1741	0.0
;

# Dups: 1

# Chans: 60

# Actor Affinities
# 22 48 48
# 23 45 21
# 21 21 47
# 37 46 48
# 36 40 44
# 41 36 34
# 39 23 43
# 47 46 32
# 45 26 42
# 40 40 46
# 20 41 38
# 31 25 20

# Processor Affinities
# 10 12 10
# 11 10 11
# 11 12 11
# 10 10 12
# 11 12 12
# 10 11 12
# 11 10 12
# 10 11 12
# 12 10 10
# 12 10 11
# 12 11 11
# 10 10 10
# 10 12 12

# Topology
# 0 0 1 0 0 0 0 0 -1 0 0 0
# 0 0 0 -1 0 0 0 1 0 0 0 0
# 0 0 0 0 0 1 0 0 0 -1 0 0
# -1 0 1 0 0 0 0 0 0 0 0 0
# 0 0 1 0 0 0 0 -1 0 0 0 0
# 0 -1 0 0 0 0 1 0 0 0 0 0
# 1 0 0 0 0 0 0 0 -1 0 0 0
# 0 0 0 0 1 0 0 -1 0 0 0 0
# 0 0 0 0 0 0 0 0 1 0 0 -1
# 0 0 0 0 1 0 -1 0 0 0 0 0
# 0 0 0 0 -1 0 0 0 0 1 0 0
# 0 0 0 0 1 0 -1 0 0 0 0 0
# 0 0 1 0 0 -1 0 0 0 0 0 0
# 0 1 0 0 0 0 0 0 0 0 0 -1
# 0 -1 0 0 0 1 0 0 0 0 0 0
# -1 0 1 0 0 0 0 0 0 0 0 0
# 0 0 0 -1 1 0 0 0 0 0 0 0
# 0 0 0 -1 0 0 1 0 0 0 0 0
# 0 0 0 -1 0 1 0 0 0 0 0 0
# 0 0 0 0 0 0 0 0 -1 0 1 0
# 1 0 0 0 0 0 -1 0 0 0 0 0
# 0 0 0 0 0 0 0 -1 0 0 1 0
# 0 0 0 -1 1 0 0 0 0 0 0 0
# 0 0 0 0 0 0 0 1 0 0 0 -1
# 0 -1 0 0 1 0 0 0 0 0 0 0
# 0 0 1 0 0 0 0 0 -1 0 0 0
# 0 0 0 0 0 0 0 0 0 0 1 -1
# 0 0 0 0 0 0 -1 0 0 0 1 0
# 0 -1 1 0 0 0 0 0 0 0 0 0
# 0 0 0 0 0 0 1 0 0 0 0 -1
# 0 0 0 -1 0 1 0 0 0 0 0 0
# 0 0 1 0 -1 0 0 0 0 0 0 0
# 0 0 0 0 0 0 0 -1 0 1 0 0
# 0 0 0 -1 0 1 0 0 0 0 0 0
# 0 0 0 0 1 0 0 0 -1 0 0 0
# 1 0 0 -1 0 0 0 0 0 0 0 0
# 1 -1 0 0 0 0 0 0 0 0 0 0
# 0 0 1 0 0 0 0 0 -1 0 0 0
# 0 0 1 0 0 0 0 0 -1 0 0 0
# 0 0 0 0 0 0 0 0 0 1 0 -1
# 0 0 0 0 0 0 0 -1 0 1 0 0
# 0 0 0 0 0 0 0 0 -1 0 1 0
# 1 0 0 0 0 0 -1 0 0 0 0 0
# 0 0 0 -1 0 1 0 0 0 0 0 0
# 0 0 0 -1 1 0 0 0 0 0 0 0
# 0 0 0 0 -1 0 0 0 0 1 0 0
# -1 0 0 0 0 0 0 0 0 1 0 0
# 0 0 0 0 0 0 0 0 0 -1 1 0
# -1 0 0 0 0 0 0 0 0 1 0 0
# 0 0 0 1 0 0 0 0 0 0 0 -1
# 0 0 0 0 0 1 0 0 0 0 0 -1
# 0 0 0 0 0 1 -1 0 0 0 0 0
# 0 0 0 -1 0 0 0 0 0 0 1 0
# -1 0 0 0 0 1 0 0 0 0 0 0
# 0 0 1 0 0 -1 0 0 0 0 0 0
# 1 0 0 0 0 0 0 0 0 0 0 -1
# 0 0 0 0 0 0 0 0 -1 0 1 0
# 0 -1 0 0 1 0 0 0 0 0 0 0
# 0 0 0 -1 0 0 0 0 0 0 1 0
# 0 0 0 0 0 1 0 0 0 -1 0 0
