data;

param n := 30;

param p := 20;

param AG :
	1	2	3	4	5	6	7	8	9	10	11	12	13	14	15	16	17	18	19	20	21	22	23	24	25	26	27	28	29	30 :=
1	0	1	1	0	0	0	0	0	0	0	0	0	0	0	0	0	0	0	0	0	0	0	0	0	0	0	0	0	0	0
2	1	0	1	0	0	0	0	0	0	0	0	0	0	0	0	0	0	0	0	0	0	0	0	0	0	0	0	0	0	0
3	1	1	0	0	0	0	0	0	0	0	0	0	0	0	0	0	0	0	0	0	0	0	0	0	0	0	0	0	0	0
4	0	0	0	0	1	1	0	0	0	0	0	0	0	0	0	0	0	0	0	0	0	0	0	0	0	0	0	0	0	0
5	0	0	0	1	0	1	0	0	0	0	0	0	0	0	0	0	0	0	0	0	0	0	0	0	0	0	0	0	0	0
6	0	0	0	1	1	0	0	0	0	0	0	0	0	0	0	0	0	0	0	0	0	0	0	0	0	0	0	0	0	0
7	0	0	0	0	0	0	0	1	1	0	0	0	0	0	0	0	0	0	0	0	0	0	0	0	0	0	0	0	0	0
8	0	0	0	0	0	0	1	0	1	0	0	0	0	0	0	0	0	0	0	0	0	0	0	0	0	0	0	0	0	0
9	0	0	0	0	0	0	1	1	0	0	0	0	0	0	0	0	0	0	0	0	0	0	0	0	0	0	0	0	0	0
10	0	0	0	0	0	0	0	0	0	0	1	1	0	0	0	0	0	0	0	0	0	0	0	0	0	0	0	0	0	0
11	0	0	0	0	0	0	0	0	0	1	0	1	0	0	0	0	0	0	0	0	0	0	0	0	0	0	0	0	0	0
12	0	0	0	0	0	0	0	0	0	1	1	0	0	0	0	0	0	0	0	0	0	0	0	0	0	0	0	0	0	0
13	0	0	0	0	0	0	0	0	0	0	0	0	0	1	1	0	0	0	0	0	0	0	0	0	0	0	0	0	0	0
14	0	0	0	0	0	0	0	0	0	0	0	0	1	0	1	0	0	0	0	0	0	0	0	0	0	0	0	0	0	0
15	0	0	0	0	0	0	0	0	0	0	0	0	1	1	0	0	0	0	0	0	0	0	0	0	0	0	0	0	0	0
16	0	0	0	0	0	0	0	0	0	0	0	0	0	0	0	0	1	1	0	0	0	0	0	0	0	0	0	0	0	0
17	0	0	0	0	0	0	0	0	0	0	0	0	0	0	0	1	0	1	0	0	0	0	0	0	0	0	0	0	0	0
18	0	0	0	0	0	0	0	0	0	0	0	0	0	0	0	1	1	0	0	0	0	0	0	0	0	0	0	0	0	0
19	0	0	0	0	0	0	0	0	0	0	0	0	0	0	0	0	0	0	0	1	1	0	0	0	0	0	0	0	0	0
20	0	0	0	0	0	0	0	0	0	0	0	0	0	0	0	0	0	0	1	0	1	0	0	0	0	0	0	0	0	0
21	0	0	0	0	0	0	0	0	0	0	0	0	0	0	0	0	0	0	1	1	0	0	0	0	0	0	0	0	0	0
22	0	0	0	0	0	0	0	0	0	0	0	0	0	0	0	0	0	0	0	0	0	0	1	1	0	0	0	0	0	0
23	0	0	0	0	0	0	0	0	0	0	0	0	0	0	0	0	0	0	0	0	0	1	0	1	0	0	0	0	0	0
24	0	0	0	0	0	0	0	0	0	0	0	0	0	0	0	0	0	0	0	0	0	1	1	0	0	0	0	0	0	0
25	0	0	0	0	0	0	0	0	0	0	0	0	0	0	0	0	0	0	0	0	0	0	0	0	0	1	1	0	0	0
26	0	0	0	0	0	0	0	0	0	0	0	0	0	0	0	0	0	0	0	0	0	0	0	0	1	0	1	0	0	0
27	0	0	0	0	0	0	0	0	0	0	0	0	0	0	0	0	0	0	0	0	0	0	0	0	1	1	0	0	0	0
28	0	0	0	0	0	0	0	0	0	0	0	0	0	0	0	0	0	0	0	0	0	0	0	0	0	0	0	0	1	1
29	0	0	0	0	0	0	0	0	0	0	0	0	0	0	0	0	0	0	0	0	0	0	0	0	0	0	0	1	0	1
30	0	0	0	0	0	0	0	0	0	0	0	0	0	0	0	0	0	0	0	0	0	0	0	0	0	0	0	1	1	0
;

param PI :
	1	2	3	4	5	6	7	8	9	10	11	12	13	14	15	16	17	18	19	20 :=
1	2.2364	2.1841	2.1023	2.2991	2.23	2.1023	2.2468	2.3345	2.3973	2.2173	2.1318	2.2823	2.2823	2.2173	2.2468	2.1023	2.345	2.345	2.23	2.1023
2	2.2364	2.1841	2.1023	2.2991	2.23	2.1023	2.2468	2.3345	2.3973	2.2173	2.1318	2.2823	2.2823	2.2173	2.2468	2.1023	2.345	2.345	2.23	2.1023
3	2.2364	2.1841	2.1023	2.2991	2.23	2.1023	2.2468	2.3345	2.3973	2.2173	2.1318	2.2823	2.2823	2.2173	2.2468	2.1023	2.345	2.345	2.23	2.1023
4	3.1636	3.0818	2.9818	3.2536	3.135	2.9818	3.1868	3.2918	3.39	3.155	3.0068	3.2168	3.2168	3.1468	3.1718	2.975	3.3	3.3	3.135	2.975
5	3.1636	3.0818	2.9818	3.2536	3.135	2.9818	3.1868	3.2918	3.39	3.155	3.0068	3.2168	3.2168	3.1468	3.1718	2.975	3.3	3.3	3.135	2.975
6	3.1636	3.0818	2.9818	3.2536	3.135	2.9818	3.1868	3.2918	3.39	3.155	3.0068	3.2168	3.2168	3.1468	3.1718	2.975	3.3	3.3	3.135	2.975
7	2.5364	2.45	2.4114	2.6182	2.45	2.4114	2.5718	2.6045	2.7082	2.5832	2.3818	2.5364	2.5364	2.5614	2.5318	2.3932	2.6	2.6	2.45	2.3932
8	2.5364	2.45	2.4114	2.6182	2.45	2.4114	2.5718	2.6045	2.7082	2.5832	2.3818	2.5364	2.5364	2.5614	2.5318	2.3932	2.6	2.6	2.45	2.3932
9	2.5364	2.45	2.4114	2.6182	2.45	2.4114	2.5718	2.6045	2.7082	2.5832	2.3818	2.5364	2.5364	2.5614	2.5318	2.3932	2.6	2.6	2.45	2.3932
10	3.1364	3.05	2.9614	3.2373	3.075	2.9614	3.1559	3.2455	3.3491	3.1491	2.9659	3.1614	3.1614	3.1464	3.1509	2.9591	3.26	3.26	3.075	2.9591
11	3.1364	3.05	2.9614	3.2373	3.075	2.9614	3.1559	3.2455	3.3491	3.1491	2.9659	3.1614	3.1614	3.1464	3.1509	2.9591	3.26	3.26	3.075	2.9591
12	3.1364	3.05	2.9614	3.2373	3.075	2.9614	3.1559	3.2455	3.3491	3.1491	2.9659	3.1614	3.1614	3.1464	3.1509	2.9591	3.26	3.26	3.075	2.9591
13	2.5364	2.4591	2.4023	2.6236	2.46	2.4023	2.5564	2.61	2.7027	2.5677	2.3864	2.5373	2.5373	2.5623	2.5464	2.3977	2.62	2.62	2.46	2.3977
14	2.5364	2.4591	2.4023	2.6236	2.46	2.4023	2.5564	2.61	2.7027	2.5677	2.3864	2.5373	2.5373	2.5623	2.5464	2.3977	2.62	2.62	2.46	2.3977
15	2.5364	2.4591	2.4023	2.6236	2.46	2.4023	2.5564	2.61	2.7027	2.5677	2.3864	2.5373	2.5373	2.5623	2.5464	2.3977	2.62	2.62	2.46	2.3977
16	2.4818	2.4023	2.3545	2.5391	2.45	2.3545	2.5295	2.5773	2.6727	2.4977	2.3545	2.5295	2.5295	2.4595	2.4595	2.3227	2.555	2.555	2.45	2.3227
17	2.4818	2.4023	2.3545	2.5391	2.45	2.3545	2.5295	2.5773	2.6727	2.4977	2.3545	2.5295	2.5295	2.4595	2.4595	2.3227	2.555	2.555	2.45	2.3227
18	2.4818	2.4023	2.3545	2.5391	2.45	2.3545	2.5295	2.5773	2.6727	2.4977	2.3545	2.5295	2.5295	2.4595	2.4595	2.3227	2.555	2.555	2.45	2.3227
19	2.9455	2.8455	2.8	3.0627	2.805	2.8	2.9677	3.0027	3.1227	3.0177	2.7477	2.905	2.905	3.015	2.9627	2.7977	3.02	3.02	2.805	2.7977
20	2.9455	2.8455	2.8	3.0627	2.805	2.8	2.9677	3.0027	3.1227	3.0177	2.7477	2.905	2.905	3.015	2.9627	2.7977	3.02	3.02	2.805	2.7977
21	2.9455	2.8455	2.8	3.0627	2.805	2.8	2.9677	3.0027	3.1227	3.0177	2.7477	2.905	2.905	3.015	2.9627	2.7977	3.02	3.02	2.805	2.7977
22	2.4818	2.4159	2.3409	2.5364	2.485	2.3409	2.5155	2.5964	2.6755	2.4655	2.3705	2.5509	2.5509	2.4409	2.4705	2.3205	2.585	2.585	2.485	2.3205
23	2.4818	2.4159	2.3409	2.5364	2.485	2.3409	2.5155	2.5964	2.6755	2.4655	2.3705	2.5509	2.5509	2.4409	2.4705	2.3205	2.585	2.585	2.485	2.3205
24	2.4818	2.4159	2.3409	2.5364	2.485	2.3409	2.5155	2.5964	2.6755	2.4655	2.3705	2.5509	2.5509	2.4409	2.4705	2.3205	2.585	2.585	2.485	2.3205
25	2.8636	2.8114	2.6773	2.9645	2.85	2.6773	2.8423	2.9864	3.0491	2.8241	2.7273	2.9023	2.9023	2.8623	2.9123	2.7091	3.035	3.035	2.85	2.7091
26	2.8636	2.8114	2.6773	2.9645	2.85	2.6773	2.8423	2.9864	3.0491	2.8241	2.7273	2.9023	2.9023	2.8623	2.9123	2.7091	3.035	3.035	2.85	2.7091
27	2.8636	2.8114	2.6773	2.9645	2.85	2.6773	2.8423	2.9864	3.0491	2.8241	2.7273	2.9023	2.9023	2.8623	2.9123	2.7091	3.035	3.035	2.85	2.7091
28	2.5636	2.5023	2.4114	2.6618	2.505	2.4114	2.5555	2.6482	2.7218	2.5668	2.4205	2.5664	2.5664	2.5914	2.6005	2.4318	2.685	2.685	2.505	2.4318
29	2.5636	2.5023	2.4114	2.6618	2.505	2.4114	2.5555	2.6482	2.7218	2.5668	2.4205	2.5664	2.5664	2.5914	2.6005	2.4318	2.685	2.685	2.505	2.4318
30	2.5636	2.5023	2.4114	2.6618	2.505	2.4114	2.5555	2.6482	2.7218	2.5668	2.4205	2.5664	2.5664	2.5914	2.6005	2.4318	2.685	2.685	2.505	2.4318
;

param CA :
	1	2	3	4	5	6	7	8	9	10	11	12	13	14	15	16	17	18	19	20	21	22	23	24	25	26	27	28	29	30 :=
1	0.0	0.0	0.0	6.0	6.0	6.0	0.0	0.0	0.0	0.0	0.0	0.0	12.0	12.0	12.0	0.0	0.0	0.0	0.0	0.0	0.0	6.0	6.0	6.0	0.0	0.0	0.0	6.0	6.0	6.0
2	0.0	0.0	0.0	6.0	6.0	6.0	0.0	0.0	0.0	0.0	0.0	0.0	12.0	12.0	12.0	0.0	0.0	0.0	0.0	0.0	0.0	6.0	6.0	6.0	0.0	0.0	0.0	6.0	6.0	6.0
3	0.0	0.0	0.0	6.0	6.0	6.0	0.0	0.0	0.0	0.0	0.0	0.0	12.0	12.0	12.0	0.0	0.0	0.0	0.0	0.0	0.0	6.0	6.0	6.0	0.0	0.0	0.0	6.0	6.0	6.0
4	6.0	6.0	6.0	0.0	0.0	0.0	0.0	0.0	0.0	6.0	6.0	6.0	0.0	0.0	0.0	0.0	0.0	0.0	6.0	6.0	6.0	0.0	0.0	0.0	0.0	0.0	0.0	0.0	0.0	0.0
5	6.0	6.0	6.0	0.0	0.0	0.0	0.0	0.0	0.0	6.0	6.0	6.0	0.0	0.0	0.0	0.0	0.0	0.0	6.0	6.0	6.0	0.0	0.0	0.0	0.0	0.0	0.0	0.0	0.0	0.0
6	6.0	6.0	6.0	0.0	0.0	0.0	0.0	0.0	0.0	6.0	6.0	6.0	0.0	0.0	0.0	0.0	0.0	0.0	6.0	6.0	6.0	0.0	0.0	0.0	0.0	0.0	0.0	0.0	0.0	0.0
7	0.0	0.0	0.0	0.0	0.0	0.0	0.0	0.0	0.0	0.0	0.0	0.0	0.0	0.0	0.0	6.0	6.0	6.0	0.0	0.0	0.0	0.0	0.0	0.0	12.0	12.0	12.0	0.0	0.0	0.0
8	0.0	0.0	0.0	0.0	0.0	0.0	0.0	0.0	0.0	0.0	0.0	0.0	0.0	0.0	0.0	6.0	6.0	6.0	0.0	0.0	0.0	0.0	0.0	0.0	12.0	12.0	12.0	0.0	0.0	0.0
9	0.0	0.0	0.0	0.0	0.0	0.0	0.0	0.0	0.0	0.0	0.0	0.0	0.0	0.0	0.0	6.0	6.0	6.0	0.0	0.0	0.0	0.0	0.0	0.0	12.0	12.0	12.0	0.0	0.0	0.0
10	0.0	0.0	0.0	6.0	6.0	6.0	0.0	0.0	0.0	0.0	0.0	0.0	0.0	0.0	0.0	0.0	0.0	0.0	6.0	6.0	6.0	0.0	0.0	0.0	6.0	6.0	6.0	6.0	6.0	6.0
11	0.0	0.0	0.0	6.0	6.0	6.0	0.0	0.0	0.0	0.0	0.0	0.0	0.0	0.0	0.0	0.0	0.0	0.0	6.0	6.0	6.0	0.0	0.0	0.0	6.0	6.0	6.0	6.0	6.0	6.0
12	0.0	0.0	0.0	6.0	6.0	6.0	0.0	0.0	0.0	0.0	0.0	0.0	0.0	0.0	0.0	0.0	0.0	0.0	6.0	6.0	6.0	0.0	0.0	0.0	6.0	6.0	6.0	6.0	6.0	6.0
13	12.0	12.0	12.0	0.0	0.0	0.0	0.0	0.0	0.0	0.0	0.0	0.0	0.0	0.0	0.0	0.0	0.0	0.0	0.0	0.0	0.0	0.0	0.0	0.0	0.0	0.0	0.0	6.0	6.0	6.0
14	12.0	12.0	12.0	0.0	0.0	0.0	0.0	0.0	0.0	0.0	0.0	0.0	0.0	0.0	0.0	0.0	0.0	0.0	0.0	0.0	0.0	0.0	0.0	0.0	0.0	0.0	0.0	6.0	6.0	6.0
15	12.0	12.0	12.0	0.0	0.0	0.0	0.0	0.0	0.0	0.0	0.0	0.0	0.0	0.0	0.0	0.0	0.0	0.0	0.0	0.0	0.0	0.0	0.0	0.0	0.0	0.0	0.0	6.0	6.0	6.0
16	0.0	0.0	0.0	0.0	0.0	0.0	6.0	6.0	6.0	0.0	0.0	0.0	0.0	0.0	0.0	0.0	0.0	0.0	0.0	0.0	0.0	0.0	0.0	0.0	0.0	0.0	0.0	6.0	6.0	6.0
17	0.0	0.0	0.0	0.0	0.0	0.0	6.0	6.0	6.0	0.0	0.0	0.0	0.0	0.0	0.0	0.0	0.0	0.0	0.0	0.0	0.0	0.0	0.0	0.0	0.0	0.0	0.0	6.0	6.0	6.0
18	0.0	0.0	0.0	0.0	0.0	0.0	6.0	6.0	6.0	0.0	0.0	0.0	0.0	0.0	0.0	0.0	0.0	0.0	0.0	0.0	0.0	0.0	0.0	0.0	0.0	0.0	0.0	6.0	6.0	6.0
19	0.0	0.0	0.0	6.0	6.0	6.0	0.0	0.0	0.0	6.0	6.0	6.0	0.0	0.0	0.0	0.0	0.0	0.0	0.0	0.0	0.0	6.0	6.0	6.0	0.0	0.0	0.0	6.0	6.0	6.0
20	0.0	0.0	0.0	6.0	6.0	6.0	0.0	0.0	0.0	6.0	6.0	6.0	0.0	0.0	0.0	0.0	0.0	0.0	0.0	0.0	0.0	6.0	6.0	6.0	0.0	0.0	0.0	6.0	6.0	6.0
21	0.0	0.0	0.0	6.0	6.0	6.0	0.0	0.0	0.0	6.0	6.0	6.0	0.0	0.0	0.0	0.0	0.0	0.0	0.0	0.0	0.0	6.0	6.0	6.0	0.0	0.0	0.0	6.0	6.0	6.0
22	6.0	6.0	6.0	0.0	0.0	0.0	0.0	0.0	0.0	0.0	0.0	0.0	0.0	0.0	0.0	0.0	0.0	0.0	6.0	6.0	6.0	0.0	0.0	0.0	0.0	0.0	0.0	12.0	12.0	12.0
23	6.0	6.0	6.0	0.0	0.0	0.0	0.0	0.0	0.0	0.0	0.0	0.0	0.0	0.0	0.0	0.0	0.0	0.0	6.0	6.0	6.0	0.0	0.0	0.0	0.0	0.0	0.0	12.0	12.0	12.0
24	6.0	6.0	6.0	0.0	0.0	0.0	0.0	0.0	0.0	0.0	0.0	0.0	0.0	0.0	0.0	0.0	0.0	0.0	6.0	6.0	6.0	0.0	0.0	0.0	0.0	0.0	0.0	12.0	12.0	12.0
25	0.0	0.0	0.0	0.0	0.0	0.0	12.0	12.0	12.0	6.0	6.0	6.0	0.0	0.0	0.0	0.0	0.0	0.0	0.0	0.0	0.0	0.0	0.0	0.0	0.0	0.0	0.0	6.0	6.0	6.0
26	0.0	0.0	0.0	0.0	0.0	0.0	12.0	12.0	12.0	6.0	6.0	6.0	0.0	0.0	0.0	0.0	0.0	0.0	0.0	0.0	0.0	0.0	0.0	0.0	0.0	0.0	0.0	6.0	6.0	6.0
27	0.0	0.0	0.0	0.0	0.0	0.0	12.0	12.0	12.0	6.0	6.0	6.0	0.0	0.0	0.0	0.0	0.0	0.0	0.0	0.0	0.0	0.0	0.0	0.0	0.0	0.0	0.0	6.0	6.0	6.0
28	6.0	6.0	6.0	0.0	0.0	0.0	0.0	0.0	0.0	6.0	6.0	6.0	6.0	6.0	6.0	6.0	6.0	6.0	6.0	6.0	6.0	12.0	12.0	12.0	6.0	6.0	6.0	0.0	0.0	0.0
29	6.0	6.0	6.0	0.0	0.0	0.0	0.0	0.0	0.0	6.0	6.0	6.0	6.0	6.0	6.0	6.0	6.0	6.0	6.0	6.0	6.0	12.0	12.0	12.0	6.0	6.0	6.0	0.0	0.0	0.0
30	6.0	6.0	6.0	0.0	0.0	0.0	0.0	0.0	0.0	6.0	6.0	6.0	6.0	6.0	6.0	6.0	6.0	6.0	6.0	6.0	6.0	12.0	12.0	12.0	6.0	6.0	6.0	0.0	0.0	0.0
;

param CP :
	1	2	3	4	5	6	7	8	9	10	11	12	13	14	15	16	17	18	19	20 :=
1	0.0	1.48	1.7513	1.673	1.4009	1.365	1.7801	1.8231	1.3436	1.2282	1.3167	1.1682	1.788	1.5178	1.619	1.7491	1.7592	1.6477	1.7375	1.221
2	1.48	0.0	1.833	1.6963	1.4124	1.1837	1.9153	1.4908	1.1188	1.2249	1.6373	1.0538	1.7382	1.0786	1.8492	1.0008	1.4562	1.1668	1.5538	1.2687
3	1.7513	1.833	0.0	1.6706	1.5328	1.7347	1.4167	1.052	1.5335	1.5163	1.8214	1.7919	1.6423	1.9405	1.434	1.0268	1.5228	1.0963	1.5437	1.4011
4	1.673	1.6963	1.6706	0.0	1.4828	1.2222	1.2505	1.566	1.5057	1.7284	1.1776	1.3533	1.4846	1.4131	1.1902	1.3951	1.3879	1.5015	1.8348	1.3322
5	1.4009	1.4124	1.5328	1.4828	0.0	1.2876	1.1755	1.8063	1.9435	1.3466	1.0463	1.3834	1.0429	1.3411	1.7327	1.3752	1.6311	1.8795	1.1299	1.9842
6	1.365	1.1837	1.7347	1.2222	1.2876	0.0	1.6704	1.4667	1.3112	1.2432	1.9072	1.8834	1.2852	1.2612	1.4204	1.5123	1.5008	1.6874	1.634	1.2174
7	1.7801	1.9153	1.4167	1.2505	1.1755	1.6704	0.0	1.815	1.7789	1.8223	1.0424	1.0555	1.1297	1.4792	1.1077	1.076	1.2578	1.813	1.8216	1.8128
8	1.8231	1.4908	1.052	1.566	1.8063	1.4667	1.815	0.0	1.6126	1.5825	1.5739	1.2494	1.1367	1.9294	1.1891	1.8226	1.5479	1.5121	1.5702	1.0951
9	1.3436	1.1188	1.5335	1.5057	1.9435	1.3112	1.7789	1.6126	0.0	1.9724	1.104	1.365	1.4663	1.3454	1.0149	1.1558	1.501	1.5776	1.2079	1.4416
10	1.2282	1.2249	1.5163	1.7284	1.3466	1.2432	1.8223	1.5825	1.9724	0.0	1.1559	1.1296	1.6218	1.8933	1.6409	1.871	1.03	1.3529	1.1095	1.0738
11	1.3167	1.6373	1.8214	1.1776	1.0463	1.9072	1.0424	1.5739	1.104	1.1559	0.0	1.5668	1.121	1.2032	1.1045	1.2109	1.8474	1.3999	1.8702	1.744
12	1.1682	1.0538	1.7919	1.3533	1.3834	1.8834	1.0555	1.2494	1.365	1.1296	1.5668	0.0	1.4348	1.1035	1.2976	1.4589	1.2565	1.3384	1.7737	1.7185
13	1.788	1.7382	1.6423	1.4846	1.0429	1.2852	1.1297	1.1367	1.4663	1.6218	1.121	1.4348	0.0	1.5632	1.2581	1.9696	1.5447	1.6925	1.3374	1.6132
14	1.5178	1.0786	1.9405	1.4131	1.3411	1.2612	1.4792	1.9294	1.3454	1.8933	1.2032	1.1035	1.5632	0.0	1.283	1.5422	1.5219	1.4852	1.482	1.9393
15	1.619	1.8492	1.434	1.1902	1.7327	1.4204	1.1077	1.1891	1.0149	1.6409	1.1045	1.2976	1.2581	1.283	0.0	1.9939	1.6332	1.8397	1.673	1.3043
16	1.7491	1.0008	1.0268	1.3951	1.3752	1.5123	1.076	1.8226	1.1558	1.871	1.2109	1.4589	1.9696	1.5422	1.9939	0.0	1.6987	1.2888	1.0611	1.8716
17	1.7592	1.4562	1.5228	1.3879	1.6311	1.5008	1.2578	1.5479	1.501	1.03	1.8474	1.2565	1.5447	1.5219	1.6332	1.6987	0.0	1.4856	1.9941	1.5391
18	1.6477	1.1668	1.0963	1.5015	1.8795	1.6874	1.813	1.5121	1.5776	1.3529	1.3999	1.3384	1.6925	1.4852	1.8397	1.2888	1.4856	0.0	1.3328	1.0248
19	1.7375	1.5538	1.5437	1.8348	1.1299	1.634	1.8216	1.5702	1.2079	1.1095	1.8702	1.7737	1.3374	1.482	1.673	1.0611	1.9941	1.3328	0.0	1.1611
20	1.221	1.2687	1.4011	1.3322	1.9842	1.2174	1.8128	1.0951	1.4416	1.0738	1.744	1.7185	1.6132	1.9393	1.3043	1.8716	1.5391	1.0248	1.1611	0.0
;

# Dups: 3

# Chans: 180

# Actor Affinities
# 36 23 23
# 36 23 23
# 36 23 23
# 47 36 33
# 47 36 33
# 47 36 33
# 25 38 30
# 25 38 30
# 25 38 30
# 40 38 37
# 40 38 37
# 40 38 37
# 27 34 32
# 27 34 32
# 27 34 32
# 35 35 21
# 35 35 21
# 35 35 21
# 21 44 43
# 21 44 43
# 21 44 43
# 42 29 20
# 42 29 20
# 42 29 20
# 45 23 37
# 45 23 37
# 45 23 37
# 31 27 36
# 31 27 36
# 31 27 36

# Processor Affinities
# 11 11 11
# 11 12 11
# 12 11 12
# 11 11 10
# 10 12 12
# 12 11 12
# 11 10 12
# 10 11 11
# 10 10 11
# 12 10 11
# 11 12 12
# 10 11 12
# 10 11 12
# 12 11 10
# 11 12 10
# 12 12 11
# 10 12 10
# 10 12 10
# 10 12 12
# 12 12 11

# Topology
# 0 0 0 0 0 0 0 0 0 -2 0 0 0 0 0 0 0 0 0 0 0 0 0 0 6 0 0 0 0 0
# 0 0 0 0 0 0 0 0 0 0 -2 0 0 0 0 0 0 0 0 0 0 0 0 0 6 0 0 0 0 0
# 0 0 0 0 0 0 0 0 0 0 0 -2 0 0 0 0 0 0 0 0 0 0 0 0 6 0 0 0 0 0
# 0 0 0 0 0 0 0 0 0 -2 0 0 0 0 0 0 0 0 0 0 0 0 0 0 0 6 0 0 0 0
# 0 0 0 0 0 0 0 0 0 0 -2 0 0 0 0 0 0 0 0 0 0 0 0 0 0 6 0 0 0 0
# 0 0 0 0 0 0 0 0 0 0 0 -2 0 0 0 0 0 0 0 0 0 0 0 0 0 6 0 0 0 0
# 0 0 0 0 0 0 0 0 0 -2 0 0 0 0 0 0 0 0 0 0 0 0 0 0 0 0 6 0 0 0
# 0 0 0 0 0 0 0 0 0 0 -2 0 0 0 0 0 0 0 0 0 0 0 0 0 0 0 6 0 0 0
# 0 0 0 0 0 0 0 0 0 0 0 -2 0 0 0 0 0 0 0 0 0 0 0 0 0 0 6 0 0 0
# -1 0 0 0 0 0 0 0 0 0 0 0 0 0 0 0 0 0 0 0 0 0 0 0 0 0 0 1 0 0
# 0 -1 0 0 0 0 0 0 0 0 0 0 0 0 0 0 0 0 0 0 0 0 0 0 0 0 0 1 0 0
# 0 0 -1 0 0 0 0 0 0 0 0 0 0 0 0 0 0 0 0 0 0 0 0 0 0 0 0 1 0 0
# -1 0 0 0 0 0 0 0 0 0 0 0 0 0 0 0 0 0 0 0 0 0 0 0 0 0 0 0 1 0
# 0 -1 0 0 0 0 0 0 0 0 0 0 0 0 0 0 0 0 0 0 0 0 0 0 0 0 0 0 1 0
# 0 0 -1 0 0 0 0 0 0 0 0 0 0 0 0 0 0 0 0 0 0 0 0 0 0 0 0 0 1 0
# -1 0 0 0 0 0 0 0 0 0 0 0 0 0 0 0 0 0 0 0 0 0 0 0 0 0 0 0 0 1
# 0 -1 0 0 0 0 0 0 0 0 0 0 0 0 0 0 0 0 0 0 0 0 0 0 0 0 0 0 0 1
# 0 0 -1 0 0 0 0 0 0 0 0 0 0 0 0 0 0 0 0 0 0 0 0 0 0 0 0 0 0 1
# 0 0 0 0 0 0 0 0 0 0 0 0 6 0 0 0 0 0 0 0 0 0 0 0 0 0 0 -1 0 0
# 0 0 0 0 0 0 0 0 0 0 0 0 6 0 0 0 0 0 0 0 0 0 0 0 0 0 0 0 -1 0
# 0 0 0 0 0 0 0 0 0 0 0 0 6 0 0 0 0 0 0 0 0 0 0 0 0 0 0 0 0 -1
# 0 0 0 0 0 0 0 0 0 0 0 0 0 6 0 0 0 0 0 0 0 0 0 0 0 0 0 -1 0 0
# 0 0 0 0 0 0 0 0 0 0 0 0 0 6 0 0 0 0 0 0 0 0 0 0 0 0 0 0 -1 0
# 0 0 0 0 0 0 0 0 0 0 0 0 0 6 0 0 0 0 0 0 0 0 0 0 0 0 0 0 0 -1
# 0 0 0 0 0 0 0 0 0 0 0 0 0 0 6 0 0 0 0 0 0 0 0 0 0 0 0 -1 0 0
# 0 0 0 0 0 0 0 0 0 0 0 0 0 0 6 0 0 0 0 0 0 0 0 0 0 0 0 0 -1 0
# 0 0 0 0 0 0 0 0 0 0 0 0 0 0 6 0 0 0 0 0 0 0 0 0 0 0 0 0 0 -1
# 0 0 0 1 0 0 0 0 0 -2 0 0 0 0 0 0 0 0 0 0 0 0 0 0 0 0 0 0 0 0
# 0 0 0 1 0 0 0 0 0 0 -2 0 0 0 0 0 0 0 0 0 0 0 0 0 0 0 0 0 0 0
# 0 0 0 1 0 0 0 0 0 0 0 -2 0 0 0 0 0 0 0 0 0 0 0 0 0 0 0 0 0 0
# 0 0 0 0 1 0 0 0 0 -2 0 0 0 0 0 0 0 0 0 0 0 0 0 0 0 0 0 0 0 0
# 0 0 0 0 1 0 0 0 0 0 -2 0 0 0 0 0 0 0 0 0 0 0 0 0 0 0 0 0 0 0
# 0 0 0 0 1 0 0 0 0 0 0 -2 0 0 0 0 0 0 0 0 0 0 0 0 0 0 0 0 0 0
# 0 0 0 0 0 1 0 0 0 -2 0 0 0 0 0 0 0 0 0 0 0 0 0 0 0 0 0 0 0 0
# 0 0 0 0 0 1 0 0 0 0 -2 0 0 0 0 0 0 0 0 0 0 0 0 0 0 0 0 0 0 0
# 0 0 0 0 0 1 0 0 0 0 0 -2 0 0 0 0 0 0 0 0 0 0 0 0 0 0 0 0 0 0
# -1 0 0 0 0 0 0 0 0 0 0 0 0 0 0 0 0 0 0 0 0 3 0 0 0 0 0 0 0 0
# 0 -1 0 0 0 0 0 0 0 0 0 0 0 0 0 0 0 0 0 0 0 3 0 0 0 0 0 0 0 0
# 0 0 -1 0 0 0 0 0 0 0 0 0 0 0 0 0 0 0 0 0 0 3 0 0 0 0 0 0 0 0
# -1 0 0 0 0 0 0 0 0 0 0 0 0 0 0 0 0 0 0 0 0 0 3 0 0 0 0 0 0 0
# 0 -1 0 0 0 0 0 0 0 0 0 0 0 0 0 0 0 0 0 0 0 0 3 0 0 0 0 0 0 0
# 0 0 -1 0 0 0 0 0 0 0 0 0 0 0 0 0 0 0 0 0 0 0 3 0 0 0 0 0 0 0
# -1 0 0 0 0 0 0 0 0 0 0 0 0 0 0 0 0 0 0 0 0 0 0 3 0 0 0 0 0 0
# 0 -1 0 0 0 0 0 0 0 0 0 0 0 0 0 0 0 0 0 0 0 0 0 3 0 0 0 0 0 0
# 0 0 -1 0 0 0 0 0 0 0 0 0 0 0 0 0 0 0 0 0 0 0 0 3 0 0 0 0 0 0
# 0 0 0 0 0 0 0 0 0 0 0 0 0 0 0 0 0 0 -3 0 0 0 0 0 0 0 0 1 0 0
# 0 0 0 0 0 0 0 0 0 0 0 0 0 0 0 0 0 0 0 -3 0 0 0 0 0 0 0 1 0 0
# 0 0 0 0 0 0 0 0 0 0 0 0 0 0 0 0 0 0 0 0 -3 0 0 0 0 0 0 1 0 0
# 0 0 0 0 0 0 0 0 0 0 0 0 0 0 0 0 0 0 -3 0 0 0 0 0 0 0 0 0 1 0
# 0 0 0 0 0 0 0 0 0 0 0 0 0 0 0 0 0 0 0 -3 0 0 0 0 0 0 0 0 1 0
# 0 0 0 0 0 0 0 0 0 0 0 0 0 0 0 0 0 0 0 0 -3 0 0 0 0 0 0 0 1 0
# 0 0 0 0 0 0 0 0 0 0 0 0 0 0 0 0 0 0 -3 0 0 0 0 0 0 0 0 0 0 1
# 0 0 0 0 0 0 0 0 0 0 0 0 0 0 0 0 0 0 0 -3 0 0 0 0 0 0 0 0 0 1
# 0 0 0 0 0 0 0 0 0 0 0 0 0 0 0 0 0 0 0 0 -3 0 0 0 0 0 0 0 0 1
# 0 0 0 0 0 0 0 0 0 0 0 0 0 0 0 0 0 0 0 0 0 -3 0 0 0 0 0 1 0 0
# 0 0 0 0 0 0 0 0 0 0 0 0 0 0 0 0 0 0 0 0 0 0 -3 0 0 0 0 1 0 0
# 0 0 0 0 0 0 0 0 0 0 0 0 0 0 0 0 0 0 0 0 0 0 0 -3 0 0 0 1 0 0
# 0 0 0 0 0 0 0 0 0 0 0 0 0 0 0 0 0 0 0 0 0 -3 0 0 0 0 0 0 1 0
# 0 0 0 0 0 0 0 0 0 0 0 0 0 0 0 0 0 0 0 0 0 0 -3 0 0 0 0 0 1 0
# 0 0 0 0 0 0 0 0 0 0 0 0 0 0 0 0 0 0 0 0 0 0 0 -3 0 0 0 0 1 0
# 0 0 0 0 0 0 0 0 0 0 0 0 0 0 0 0 0 0 0 0 0 -3 0 0 0 0 0 0 0 1
# 0 0 0 0 0 0 0 0 0 0 0 0 0 0 0 0 0 0 0 0 0 0 -3 0 0 0 0 0 0 1
# 0 0 0 0 0 0 0 0 0 0 0 0 0 0 0 0 0 0 0 0 0 0 0 -3 0 0 0 0 0 1
# 0 0 0 0 0 0 0 0 0 0 0 0 0 0 0 -2 0 0 0 0 0 0 0 0 0 0 0 1 0 0
# 0 0 0 0 0 0 0 0 0 0 0 0 0 0 0 0 -2 0 0 0 0 0 0 0 0 0 0 1 0 0
# 0 0 0 0 0 0 0 0 0 0 0 0 0 0 0 0 0 -2 0 0 0 0 0 0 0 0 0 1 0 0
# 0 0 0 0 0 0 0 0 0 0 0 0 0 0 0 -2 0 0 0 0 0 0 0 0 0 0 0 0 1 0
# 0 0 0 0 0 0 0 0 0 0 0 0 0 0 0 0 -2 0 0 0 0 0 0 0 0 0 0 0 1 0
# 0 0 0 0 0 0 0 0 0 0 0 0 0 0 0 0 0 -2 0 0 0 0 0 0 0 0 0 0 1 0
# 0 0 0 0 0 0 0 0 0 0 0 0 0 0 0 -2 0 0 0 0 0 0 0 0 0 0 0 0 0 1
# 0 0 0 0 0 0 0 0 0 0 0 0 0 0 0 0 -2 0 0 0 0 0 0 0 0 0 0 0 0 1
# 0 0 0 0 0 0 0 0 0 0 0 0 0 0 0 0 0 -2 0 0 0 0 0 0 0 0 0 0 0 1
# 0 0 0 0 0 0 0 0 0 0 0 0 0 0 0 0 0 0 3 0 0 -3 0 0 0 0 0 0 0 0
# 0 0 0 0 0 0 0 0 0 0 0 0 0 0 0 0 0 0 3 0 0 0 -3 0 0 0 0 0 0 0
# 0 0 0 0 0 0 0 0 0 0 0 0 0 0 0 0 0 0 3 0 0 0 0 -3 0 0 0 0 0 0
# 0 0 0 0 0 0 0 0 0 0 0 0 0 0 0 0 0 0 0 3 0 -3 0 0 0 0 0 0 0 0
# 0 0 0 0 0 0 0 0 0 0 0 0 0 0 0 0 0 0 0 3 0 0 -3 0 0 0 0 0 0 0
# 0 0 0 0 0 0 0 0 0 0 0 0 0 0 0 0 0 0 0 3 0 0 0 -3 0 0 0 0 0 0
# 0 0 0 0 0 0 0 0 0 0 0 0 0 0 0 0 0 0 0 0 3 -3 0 0 0 0 0 0 0 0
# 0 0 0 0 0 0 0 0 0 0 0 0 0 0 0 0 0 0 0 0 3 0 -3 0 0 0 0 0 0 0
# 0 0 0 0 0 0 0 0 0 0 0 0 0 0 0 0 0 0 0 0 3 0 0 -3 0 0 0 0 0 0
# -1 0 0 1 0 0 0 0 0 0 0 0 0 0 0 0 0 0 0 0 0 0 0 0 0 0 0 0 0 0
# 0 -1 0 1 0 0 0 0 0 0 0 0 0 0 0 0 0 0 0 0 0 0 0 0 0 0 0 0 0 0
# 0 0 -1 1 0 0 0 0 0 0 0 0 0 0 0 0 0 0 0 0 0 0 0 0 0 0 0 0 0 0
# -1 0 0 0 1 0 0 0 0 0 0 0 0 0 0 0 0 0 0 0 0 0 0 0 0 0 0 0 0 0
# 0 -1 0 0 1 0 0 0 0 0 0 0 0 0 0 0 0 0 0 0 0 0 0 0 0 0 0 0 0 0
# 0 0 -1 0 1 0 0 0 0 0 0 0 0 0 0 0 0 0 0 0 0 0 0 0 0 0 0 0 0 0
# -1 0 0 0 0 1 0 0 0 0 0 0 0 0 0 0 0 0 0 0 0 0 0 0 0 0 0 0 0 0
# 0 -1 0 0 0 1 0 0 0 0 0 0 0 0 0 0 0 0 0 0 0 0 0 0 0 0 0 0 0 0
# 0 0 -1 0 0 1 0 0 0 0 0 0 0 0 0 0 0 0 0 0 0 0 0 0 0 0 0 0 0 0
# 0 0 0 0 0 0 0 0 0 0 0 0 0 0 0 0 0 0 0 0 0 -3 0 0 0 0 0 1 0 0
# 0 0 0 0 0 0 0 0 0 0 0 0 0 0 0 0 0 0 0 0 0 0 -3 0 0 0 0 1 0 0
# 0 0 0 0 0 0 0 0 0 0 0 0 0 0 0 0 0 0 0 0 0 0 0 -3 0 0 0 1 0 0
# 0 0 0 0 0 0 0 0 0 0 0 0 0 0 0 0 0 0 0 0 0 -3 0 0 0 0 0 0 1 0
# 0 0 0 0 0 0 0 0 0 0 0 0 0 0 0 0 0 0 0 0 0 0 -3 0 0 0 0 0 1 0
# 0 0 0 0 0 0 0 0 0 0 0 0 0 0 0 0 0 0 0 0 0 0 0 -3 0 0 0 0 1 0
# 0 0 0 0 0 0 0 0 0 0 0 0 0 0 0 0 0 0 0 0 0 -3 0 0 0 0 0 0 0 1
# 0 0 0 0 0 0 0 0 0 0 0 0 0 0 0 0 0 0 0 0 0 0 -3 0 0 0 0 0 0 1
# 0 0 0 0 0 0 0 0 0 0 0 0 0 0 0 0 0 0 0 0 0 0 0 -3 0 0 0 0 0 1
# 0 0 0 0 0 0 0 0 0 0 0 0 0 0 0 0 0 0 0 0 0 0 0 0 -6 0 0 1 0 0
# 0 0 0 0 0 0 0 0 0 0 0 0 0 0 0 0 0 0 0 0 0 0 0 0 0 -6 0 1 0 0
# 0 0 0 0 0 0 0 0 0 0 0 0 0 0 0 0 0 0 0 0 0 0 0 0 0 0 -6 1 0 0
# 0 0 0 0 0 0 0 0 0 0 0 0 0 0 0 0 0 0 0 0 0 0 0 0 -6 0 0 0 1 0
# 0 0 0 0 0 0 0 0 0 0 0 0 0 0 0 0 0 0 0 0 0 0 0 0 0 -6 0 0 1 0
# 0 0 0 0 0 0 0 0 0 0 0 0 0 0 0 0 0 0 0 0 0 0 0 0 0 0 -6 0 1 0
# 0 0 0 0 0 0 0 0 0 0 0 0 0 0 0 0 0 0 0 0 0 0 0 0 -6 0 0 0 0 1
# 0 0 0 0 0 0 0 0 0 0 0 0 0 0 0 0 0 0 0 0 0 0 0 0 0 -6 0 0 0 1
# 0 0 0 0 0 0 0 0 0 0 0 0 0 0 0 0 0 0 0 0 0 0 0 0 0 0 -6 0 0 1
# 0 0 0 1 0 0 0 0 0 0 0 0 0 0 0 0 0 0 -3 0 0 0 0 0 0 0 0 0 0 0
# 0 0 0 1 0 0 0 0 0 0 0 0 0 0 0 0 0 0 0 -3 0 0 0 0 0 0 0 0 0 0
# 0 0 0 1 0 0 0 0 0 0 0 0 0 0 0 0 0 0 0 0 -3 0 0 0 0 0 0 0 0 0
# 0 0 0 0 1 0 0 0 0 0 0 0 0 0 0 0 0 0 -3 0 0 0 0 0 0 0 0 0 0 0
# 0 0 0 0 1 0 0 0 0 0 0 0 0 0 0 0 0 0 0 -3 0 0 0 0 0 0 0 0 0 0
# 0 0 0 0 1 0 0 0 0 0 0 0 0 0 0 0 0 0 0 0 -3 0 0 0 0 0 0 0 0 0
# 0 0 0 0 0 1 0 0 0 0 0 0 0 0 0 0 0 0 -3 0 0 0 0 0 0 0 0 0 0 0
# 0 0 0 0 0 1 0 0 0 0 0 0 0 0 0 0 0 0 0 -3 0 0 0 0 0 0 0 0 0 0
# 0 0 0 0 0 1 0 0 0 0 0 0 0 0 0 0 0 0 0 0 -3 0 0 0 0 0 0 0 0 0
# -1 0 0 0 0 0 0 0 0 0 0 0 6 0 0 0 0 0 0 0 0 0 0 0 0 0 0 0 0 0
# 0 -1 0 0 0 0 0 0 0 0 0 0 6 0 0 0 0 0 0 0 0 0 0 0 0 0 0 0 0 0
# 0 0 -1 0 0 0 0 0 0 0 0 0 6 0 0 0 0 0 0 0 0 0 0 0 0 0 0 0 0 0
# -1 0 0 0 0 0 0 0 0 0 0 0 0 6 0 0 0 0 0 0 0 0 0 0 0 0 0 0 0 0
# 0 -1 0 0 0 0 0 0 0 0 0 0 0 6 0 0 0 0 0 0 0 0 0 0 0 0 0 0 0 0
# 0 0 -1 0 0 0 0 0 0 0 0 0 0 6 0 0 0 0 0 0 0 0 0 0 0 0 0 0 0 0
# -1 0 0 0 0 0 0 0 0 0 0 0 0 0 6 0 0 0 0 0 0 0 0 0 0 0 0 0 0 0
# 0 -1 0 0 0 0 0 0 0 0 0 0 0 0 6 0 0 0 0 0 0 0 0 0 0 0 0 0 0 0
# 0 0 -1 0 0 0 0 0 0 0 0 0 0 0 6 0 0 0 0 0 0 0 0 0 0 0 0 0 0 0
# 0 0 0 0 0 0 3 0 0 0 0 0 0 0 0 -2 0 0 0 0 0 0 0 0 0 0 0 0 0 0
# 0 0 0 0 0 0 3 0 0 0 0 0 0 0 0 0 -2 0 0 0 0 0 0 0 0 0 0 0 0 0
# 0 0 0 0 0 0 3 0 0 0 0 0 0 0 0 0 0 -2 0 0 0 0 0 0 0 0 0 0 0 0
# 0 0 0 0 0 0 0 3 0 0 0 0 0 0 0 -2 0 0 0 0 0 0 0 0 0 0 0 0 0 0
# 0 0 0 0 0 0 0 3 0 0 0 0 0 0 0 0 -2 0 0 0 0 0 0 0 0 0 0 0 0 0
# 0 0 0 0 0 0 0 3 0 0 0 0 0 0 0 0 0 -2 0 0 0 0 0 0 0 0 0 0 0 0
# 0 0 0 0 0 0 0 0 3 0 0 0 0 0 0 -2 0 0 0 0 0 0 0 0 0 0 0 0 0 0
# 0 0 0 0 0 0 0 0 3 0 0 0 0 0 0 0 -2 0 0 0 0 0 0 0 0 0 0 0 0 0
# 0 0 0 0 0 0 0 0 3 0 0 0 0 0 0 0 0 -2 0 0 0 0 0 0 0 0 0 0 0 0
# -1 0 0 0 0 0 0 0 0 0 0 0 6 0 0 0 0 0 0 0 0 0 0 0 0 0 0 0 0 0
# 0 -1 0 0 0 0 0 0 0 0 0 0 6 0 0 0 0 0 0 0 0 0 0 0 0 0 0 0 0 0
# 0 0 -1 0 0 0 0 0 0 0 0 0 6 0 0 0 0 0 0 0 0 0 0 0 0 0 0 0 0 0
# -1 0 0 0 0 0 0 0 0 0 0 0 0 6 0 0 0 0 0 0 0 0 0 0 0 0 0 0 0 0
# 0 -1 0 0 0 0 0 0 0 0 0 0 0 6 0 0 0 0 0 0 0 0 0 0 0 0 0 0 0 0
# 0 0 -1 0 0 0 0 0 0 0 0 0 0 6 0 0 0 0 0 0 0 0 0 0 0 0 0 0 0 0
# -1 0 0 0 0 0 0 0 0 0 0 0 0 0 6 0 0 0 0 0 0 0 0 0 0 0 0 0 0 0
# 0 -1 0 0 0 0 0 0 0 0 0 0 0 0 6 0 0 0 0 0 0 0 0 0 0 0 0 0 0 0
# 0 0 -1 0 0 0 0 0 0 0 0 0 0 0 6 0 0 0 0 0 0 0 0 0 0 0 0 0 0 0
# 0 0 0 0 0 0 0 0 0 -2 0 0 0 0 0 0 0 0 0 0 0 0 0 0 0 0 0 1 0 0
# 0 0 0 0 0 0 0 0 0 0 -2 0 0 0 0 0 0 0 0 0 0 0 0 0 0 0 0 1 0 0
# 0 0 0 0 0 0 0 0 0 0 0 -2 0 0 0 0 0 0 0 0 0 0 0 0 0 0 0 1 0 0
# 0 0 0 0 0 0 0 0 0 -2 0 0 0 0 0 0 0 0 0 0 0 0 0 0 0 0 0 0 1 0
# 0 0 0 0 0 0 0 0 0 0 -2 0 0 0 0 0 0 0 0 0 0 0 0 0 0 0 0 0 1 0
# 0 0 0 0 0 0 0 0 0 0 0 -2 0 0 0 0 0 0 0 0 0 0 0 0 0 0 0 0 1 0
# 0 0 0 0 0 0 0 0 0 -2 0 0 0 0 0 0 0 0 0 0 0 0 0 0 0 0 0 0 0 1
# 0 0 0 0 0 0 0 0 0 0 -2 0 0 0 0 0 0 0 0 0 0 0 0 0 0 0 0 0 0 1
# 0 0 0 0 0 0 0 0 0 0 0 -2 0 0 0 0 0 0 0 0 0 0 0 0 0 0 0 0 0 1
# 0 0 0 0 0 0 0 0 0 -2 0 0 0 0 0 0 0 0 3 0 0 0 0 0 0 0 0 0 0 0
# 0 0 0 0 0 0 0 0 0 0 -2 0 0 0 0 0 0 0 3 0 0 0 0 0 0 0 0 0 0 0
# 0 0 0 0 0 0 0 0 0 0 0 -2 0 0 0 0 0 0 3 0 0 0 0 0 0 0 0 0 0 0
# 0 0 0 0 0 0 0 0 0 -2 0 0 0 0 0 0 0 0 0 3 0 0 0 0 0 0 0 0 0 0
# 0 0 0 0 0 0 0 0 0 0 -2 0 0 0 0 0 0 0 0 3 0 0 0 0 0 0 0 0 0 0
# 0 0 0 0 0 0 0 0 0 0 0 -2 0 0 0 0 0 0 0 3 0 0 0 0 0 0 0 0 0 0
# 0 0 0 0 0 0 0 0 0 -2 0 0 0 0 0 0 0 0 0 0 3 0 0 0 0 0 0 0 0 0
# 0 0 0 0 0 0 0 0 0 0 -2 0 0 0 0 0 0 0 0 0 3 0 0 0 0 0 0 0 0 0
# 0 0 0 0 0 0 0 0 0 0 0 -2 0 0 0 0 0 0 0 0 3 0 0 0 0 0 0 0 0 0
# 0 0 0 0 0 0 3 0 0 0 0 0 0 0 0 0 0 0 0 0 0 0 0 0 -6 0 0 0 0 0
# 0 0 0 0 0 0 3 0 0 0 0 0 0 0 0 0 0 0 0 0 0 0 0 0 0 -6 0 0 0 0
# 0 0 0 0 0 0 3 0 0 0 0 0 0 0 0 0 0 0 0 0 0 0 0 0 0 0 -6 0 0 0
# 0 0 0 0 0 0 0 3 0 0 0 0 0 0 0 0 0 0 0 0 0 0 0 0 -6 0 0 0 0 0
# 0 0 0 0 0 0 0 3 0 0 0 0 0 0 0 0 0 0 0 0 0 0 0 0 0 -6 0 0 0 0
# 0 0 0 0 0 0 0 3 0 0 0 0 0 0 0 0 0 0 0 0 0 0 0 0 0 0 -6 0 0 0
# 0 0 0 0 0 0 0 0 3 0 0 0 0 0 0 0 0 0 0 0 0 0 0 0 -6 0 0 0 0 0
# 0 0 0 0 0 0 0 0 3 0 0 0 0 0 0 0 0 0 0 0 0 0 0 0 0 -6 0 0 0 0
# 0 0 0 0 0 0 0 0 3 0 0 0 0 0 0 0 0 0 0 0 0 0 0 0 0 0 -6 0 0 0
# 0 0 0 0 0 0 3 0 0 0 0 0 0 0 0 0 0 0 0 0 0 0 0 0 -6 0 0 0 0 0
# 0 0 0 0 0 0 3 0 0 0 0 0 0 0 0 0 0 0 0 0 0 0 0 0 0 -6 0 0 0 0
# 0 0 0 0 0 0 3 0 0 0 0 0 0 0 0 0 0 0 0 0 0 0 0 0 0 0 -6 0 0 0
# 0 0 0 0 0 0 0 3 0 0 0 0 0 0 0 0 0 0 0 0 0 0 0 0 -6 0 0 0 0 0
# 0 0 0 0 0 0 0 3 0 0 0 0 0 0 0 0 0 0 0 0 0 0 0 0 0 -6 0 0 0 0
# 0 0 0 0 0 0 0 3 0 0 0 0 0 0 0 0 0 0 0 0 0 0 0 0 0 0 -6 0 0 0
# 0 0 0 0 0 0 0 0 3 0 0 0 0 0 0 0 0 0 0 0 0 0 0 0 -6 0 0 0 0 0
# 0 0 0 0 0 0 0 0 3 0 0 0 0 0 0 0 0 0 0 0 0 0 0 0 0 -6 0 0 0 0
# 0 0 0 0 0 0 0 0 3 0 0 0 0 0 0 0 0 0 0 0 0 0 0 0 0 0 -6 0 0 0
