data;

param n := 30;

param p := 20;

param AG :
	1	2	3	4	5	6	7	8	9	10	11	12	13	14	15	16	17	18	19	20	21	22	23	24	25	26	27	28	29	30 :=
1	0	1	1	0	0	0	0	0	0	0	0	0	0	0	0	0	0	0	0	0	0	0	0	0	0	0	0	0	0	0
2	1	0	1	0	0	0	0	0	0	0	0	0	0	0	0	0	0	0	0	0	0	0	0	0	0	0	0	0	0	0
3	1	1	0	0	0	0	0	0	0	0	0	0	0	0	0	0	0	0	0	0	0	0	0	0	0	0	0	0	0	0
4	0	0	0	0	1	1	0	0	0	0	0	0	0	0	0	0	0	0	0	0	0	0	0	0	0	0	0	0	0	0
5	0	0	0	1	0	1	0	0	0	0	0	0	0	0	0	0	0	0	0	0	0	0	0	0	0	0	0	0	0	0
6	0	0	0	1	1	0	0	0	0	0	0	0	0	0	0	0	0	0	0	0	0	0	0	0	0	0	0	0	0	0
7	0	0	0	0	0	0	0	1	1	0	0	0	0	0	0	0	0	0	0	0	0	0	0	0	0	0	0	0	0	0
8	0	0	0	0	0	0	1	0	1	0	0	0	0	0	0	0	0	0	0	0	0	0	0	0	0	0	0	0	0	0
9	0	0	0	0	0	0	1	1	0	0	0	0	0	0	0	0	0	0	0	0	0	0	0	0	0	0	0	0	0	0
10	0	0	0	0	0	0	0	0	0	0	1	1	0	0	0	0	0	0	0	0	0	0	0	0	0	0	0	0	0	0
11	0	0	0	0	0	0	0	0	0	1	0	1	0	0	0	0	0	0	0	0	0	0	0	0	0	0	0	0	0	0
12	0	0	0	0	0	0	0	0	0	1	1	0	0	0	0	0	0	0	0	0	0	0	0	0	0	0	0	0	0	0
13	0	0	0	0	0	0	0	0	0	0	0	0	0	1	1	0	0	0	0	0	0	0	0	0	0	0	0	0	0	0
14	0	0	0	0	0	0	0	0	0	0	0	0	1	0	1	0	0	0	0	0	0	0	0	0	0	0	0	0	0	0
15	0	0	0	0	0	0	0	0	0	0	0	0	1	1	0	0	0	0	0	0	0	0	0	0	0	0	0	0	0	0
16	0	0	0	0	0	0	0	0	0	0	0	0	0	0	0	0	1	1	0	0	0	0	0	0	0	0	0	0	0	0
17	0	0	0	0	0	0	0	0	0	0	0	0	0	0	0	1	0	1	0	0	0	0	0	0	0	0	0	0	0	0
18	0	0	0	0	0	0	0	0	0	0	0	0	0	0	0	1	1	0	0	0	0	0	0	0	0	0	0	0	0	0
19	0	0	0	0	0	0	0	0	0	0	0	0	0	0	0	0	0	0	0	1	1	0	0	0	0	0	0	0	0	0
20	0	0	0	0	0	0	0	0	0	0	0	0	0	0	0	0	0	0	1	0	1	0	0	0	0	0	0	0	0	0
21	0	0	0	0	0	0	0	0	0	0	0	0	0	0	0	0	0	0	1	1	0	0	0	0	0	0	0	0	0	0
22	0	0	0	0	0	0	0	0	0	0	0	0	0	0	0	0	0	0	0	0	0	0	1	1	0	0	0	0	0	0
23	0	0	0	0	0	0	0	0	0	0	0	0	0	0	0	0	0	0	0	0	0	1	0	1	0	0	0	0	0	0
24	0	0	0	0	0	0	0	0	0	0	0	0	0	0	0	0	0	0	0	0	0	1	1	0	0	0	0	0	0	0
25	0	0	0	0	0	0	0	0	0	0	0	0	0	0	0	0	0	0	0	0	0	0	0	0	0	1	1	0	0	0
26	0	0	0	0	0	0	0	0	0	0	0	0	0	0	0	0	0	0	0	0	0	0	0	0	1	0	1	0	0	0
27	0	0	0	0	0	0	0	0	0	0	0	0	0	0	0	0	0	0	0	0	0	0	0	0	1	1	0	0	0	0
28	0	0	0	0	0	0	0	0	0	0	0	0	0	0	0	0	0	0	0	0	0	0	0	0	0	0	0	0	1	1
29	0	0	0	0	0	0	0	0	0	0	0	0	0	0	0	0	0	0	0	0	0	0	0	0	0	0	0	1	0	1
30	0	0	0	0	0	0	0	0	0	0	0	0	0	0	0	0	0	0	0	0	0	0	0	0	0	0	0	1	1	0
;

param PI :
	1	2	3	4	5	6	7	8	9	10	11	12	13	14	15	16	17	18	19	20 :=
1	2.45	2.79	2.585	2.46	2.475	2.6782	2.5364	2.475	2.4432	2.3864	2.5364	2.585	2.6782	2.7218	2.53	2.46	2.45	2.5914	2.7164	2.5114
2	2.45	2.79	2.585	2.46	2.475	2.6782	2.5364	2.475	2.4432	2.3864	2.5364	2.585	2.6782	2.7218	2.53	2.46	2.45	2.5914	2.7164	2.5114
3	2.45	2.79	2.585	2.46	2.475	2.6782	2.5364	2.475	2.4432	2.3864	2.5364	2.585	2.6782	2.7218	2.53	2.46	2.45	2.5914	2.7164	2.5114
4	2.635	2.94	2.755	2.57	2.6182	2.8391	2.6727	2.6182	2.5886	2.5045	2.6727	2.755	2.8391	2.8391	2.635	2.57	2.635	2.6895	2.8745	2.6895
5	2.635	2.94	2.755	2.57	2.6182	2.8391	2.6727	2.6182	2.5886	2.5045	2.6727	2.755	2.8391	2.8391	2.635	2.57	2.635	2.6895	2.8745	2.6895
6	2.635	2.94	2.755	2.57	2.6182	2.8391	2.6727	2.6182	2.5886	2.5045	2.6727	2.755	2.8391	2.8391	2.635	2.57	2.635	2.6895	2.8745	2.6895
7	2.635	3.0	2.87	2.735	2.6205	2.9291	2.7273	2.6205	2.6682	2.6068	2.7273	2.87	2.9291	2.9264	2.63	2.735	2.635	2.7368	2.8718	2.7418
8	2.635	3.0	2.87	2.735	2.6205	2.9291	2.7273	2.6205	2.6682	2.6068	2.7273	2.87	2.9291	2.9264	2.63	2.735	2.635	2.7368	2.8718	2.7418
9	2.635	3.0	2.87	2.735	2.6205	2.9291	2.7273	2.6205	2.6682	2.6068	2.7273	2.87	2.9291	2.9264	2.63	2.735	2.635	2.7368	2.8718	2.7418
10	2.82	3.24	3.04	2.92	2.8455	3.1309	2.9455	2.8455	2.8545	2.8	2.9455	3.04	3.1309	3.1745	2.9	2.92	2.82	3.0	3.12	2.92
11	2.82	3.24	3.04	2.92	2.8455	3.1309	2.9455	2.8455	2.8545	2.8	2.9455	3.04	3.1309	3.1745	2.9	2.92	2.82	3.0	3.12	2.92
12	2.82	3.24	3.04	2.92	2.8455	3.1309	2.9455	2.8455	2.8545	2.8	2.9455	3.04	3.1309	3.1745	2.9	2.92	2.82	3.0	3.12	2.92
13	2.11	2.4	2.28	2.17	2.1045	2.3345	2.1818	2.1045	2.1273	2.0773	2.1818	2.28	2.3345	2.34	2.12	2.17	2.11	2.1973	2.3073	2.1873
14	2.11	2.4	2.28	2.17	2.1045	2.3345	2.1818	2.1045	2.1273	2.0773	2.1818	2.28	2.3345	2.34	2.12	2.17	2.11	2.1973	2.3073	2.1873
15	2.11	2.4	2.28	2.17	2.1045	2.3345	2.1818	2.1045	2.1273	2.0773	2.1818	2.28	2.3345	2.34	2.12	2.17	2.11	2.1973	2.3073	2.1873
16	2.715	3.12	2.92	2.805	2.7432	3.0109	2.8364	2.7432	2.7455	2.6932	2.8364	2.92	3.0109	3.0573	2.8	2.805	2.715	2.8932	3.0082	2.8082
17	2.715	3.12	2.92	2.805	2.7432	3.0109	2.8364	2.7432	2.7455	2.6932	2.8364	2.92	3.0109	3.0573	2.8	2.805	2.715	2.8932	3.0082	2.8082
18	2.715	3.12	2.92	2.805	2.7432	3.0109	2.8364	2.7432	2.7455	2.6932	2.8364	2.92	3.0109	3.0573	2.8	2.805	2.715	2.8932	3.0082	2.8082
19	1.985	2.25	2.09	1.98	1.9977	2.1627	2.0455	1.9977	1.9727	1.9227	2.0455	2.09	2.1627	2.19	2.035	1.98	1.985	2.0827	2.1927	2.0327
20	1.985	2.25	2.09	1.98	1.9977	2.1627	2.0455	1.9977	1.9727	1.9227	2.0455	2.09	2.1627	2.19	2.035	1.98	1.985	2.0827	2.1927	2.0327
21	1.985	2.25	2.09	1.98	1.9977	2.1627	2.0455	1.9977	1.9727	1.9227	2.0455	2.09	2.1627	2.19	2.035	1.98	1.985	2.0827	2.1927	2.0327
22	2.665	2.94	2.84	2.625	2.5932	2.8855	2.6727	2.5932	2.6273	2.5295	2.6727	2.84	2.8855	2.8227	2.55	2.625	2.665	2.6295	2.8445	2.7445
23	2.665	2.94	2.84	2.625	2.5932	2.8855	2.6727	2.5932	2.6273	2.5295	2.6727	2.84	2.8855	2.8227	2.55	2.625	2.665	2.6295	2.8445	2.7445
24	2.665	2.94	2.84	2.625	2.5932	2.8855	2.6727	2.5932	2.6273	2.5295	2.6727	2.84	2.8855	2.8227	2.55	2.625	2.665	2.6295	2.8445	2.7445
25	3.04	3.39	3.16	2.945	3.0273	3.2645	3.0818	3.0273	2.9773	2.8795	3.0818	3.16	3.2645	3.2727	3.055	2.945	3.04	3.1095	3.3245	3.0945
26	3.04	3.39	3.16	2.945	3.0273	3.2645	3.0818	3.0273	2.9773	2.8795	3.0818	3.16	3.2645	3.2727	3.055	2.945	3.04	3.1095	3.3245	3.0945
27	3.04	3.39	3.16	2.945	3.0273	3.2645	3.0818	3.0273	2.9773	2.8795	3.0818	3.16	3.2645	3.2727	3.055	2.945	3.04	3.1095	3.3245	3.0945
28	3.28	3.72	3.475	3.295	3.2932	3.5864	3.3818	3.2932	3.2705	3.1886	3.3818	3.475	3.5864	3.6218	3.345	3.295	3.28	3.4336	3.6136	3.3686
29	3.28	3.72	3.475	3.295	3.2932	3.5864	3.3818	3.2932	3.2705	3.1886	3.3818	3.475	3.5864	3.6218	3.345	3.295	3.28	3.4336	3.6136	3.3686
30	3.28	3.72	3.475	3.295	3.2932	3.5864	3.3818	3.2932	3.2705	3.1886	3.3818	3.475	3.5864	3.6218	3.345	3.295	3.28	3.4336	3.6136	3.3686
;

param CA :
	1	2	3	4	5	6	7	8	9	10	11	12	13	14	15	16	17	18	19	20	21	22	23	24	25	26	27	28	29	30 :=
1	0.0	0.0	0.0	0.0	0.0	0.0	0.0	0.0	0.0	6.0	6.0	6.0	0.0	0.0	0.0	0.0	0.0	0.0	6.0	6.0	6.0	0.0	0.0	0.0	6.0	6.0	6.0	0.0	0.0	0.0
2	0.0	0.0	0.0	0.0	0.0	0.0	0.0	0.0	0.0	6.0	6.0	6.0	0.0	0.0	0.0	0.0	0.0	0.0	6.0	6.0	6.0	0.0	0.0	0.0	6.0	6.0	6.0	0.0	0.0	0.0
3	0.0	0.0	0.0	0.0	0.0	0.0	0.0	0.0	0.0	6.0	6.0	6.0	0.0	0.0	0.0	0.0	0.0	0.0	6.0	6.0	6.0	0.0	0.0	0.0	6.0	6.0	6.0	0.0	0.0	0.0
4	0.0	0.0	0.0	0.0	0.0	0.0	6.0	6.0	6.0	6.0	6.0	6.0	0.0	0.0	0.0	12.0	12.0	12.0	0.0	0.0	0.0	0.0	0.0	0.0	6.0	6.0	6.0	6.0	6.0	6.0
5	0.0	0.0	0.0	0.0	0.0	0.0	6.0	6.0	6.0	6.0	6.0	6.0	0.0	0.0	0.0	12.0	12.0	12.0	0.0	0.0	0.0	0.0	0.0	0.0	6.0	6.0	6.0	6.0	6.0	6.0
6	0.0	0.0	0.0	0.0	0.0	0.0	6.0	6.0	6.0	6.0	6.0	6.0	0.0	0.0	0.0	12.0	12.0	12.0	0.0	0.0	0.0	0.0	0.0	0.0	6.0	6.0	6.0	6.0	6.0	6.0
7	0.0	0.0	0.0	6.0	6.0	6.0	0.0	0.0	0.0	0.0	0.0	0.0	6.0	6.0	6.0	0.0	0.0	0.0	6.0	6.0	6.0	0.0	0.0	0.0	0.0	0.0	0.0	0.0	0.0	0.0
8	0.0	0.0	0.0	6.0	6.0	6.0	0.0	0.0	0.0	0.0	0.0	0.0	6.0	6.0	6.0	0.0	0.0	0.0	6.0	6.0	6.0	0.0	0.0	0.0	0.0	0.0	0.0	0.0	0.0	0.0
9	0.0	0.0	0.0	6.0	6.0	6.0	0.0	0.0	0.0	0.0	0.0	0.0	6.0	6.0	6.0	0.0	0.0	0.0	6.0	6.0	6.0	0.0	0.0	0.0	0.0	0.0	0.0	0.0	0.0	0.0
10	6.0	6.0	6.0	6.0	6.0	6.0	0.0	0.0	0.0	0.0	0.0	0.0	6.0	6.0	6.0	0.0	0.0	0.0	0.0	0.0	0.0	6.0	6.0	6.0	0.0	0.0	0.0	0.0	0.0	0.0
11	6.0	6.0	6.0	6.0	6.0	6.0	0.0	0.0	0.0	0.0	0.0	0.0	6.0	6.0	6.0	0.0	0.0	0.0	0.0	0.0	0.0	6.0	6.0	6.0	0.0	0.0	0.0	0.0	0.0	0.0
12	6.0	6.0	6.0	6.0	6.0	6.0	0.0	0.0	0.0	0.0	0.0	0.0	6.0	6.0	6.0	0.0	0.0	0.0	0.0	0.0	0.0	6.0	6.0	6.0	0.0	0.0	0.0	0.0	0.0	0.0
13	0.0	0.0	0.0	0.0	0.0	0.0	6.0	6.0	6.0	6.0	6.0	6.0	0.0	0.0	0.0	6.0	6.0	6.0	0.0	0.0	0.0	6.0	6.0	6.0	0.0	0.0	0.0	0.0	0.0	0.0
14	0.0	0.0	0.0	0.0	0.0	0.0	6.0	6.0	6.0	6.0	6.0	6.0	0.0	0.0	0.0	6.0	6.0	6.0	0.0	0.0	0.0	6.0	6.0	6.0	0.0	0.0	0.0	0.0	0.0	0.0
15	0.0	0.0	0.0	0.0	0.0	0.0	6.0	6.0	6.0	6.0	6.0	6.0	0.0	0.0	0.0	6.0	6.0	6.0	0.0	0.0	0.0	6.0	6.0	6.0	0.0	0.0	0.0	0.0	0.0	0.0
16	0.0	0.0	0.0	12.0	12.0	12.0	0.0	0.0	0.0	0.0	0.0	0.0	6.0	6.0	6.0	0.0	0.0	0.0	0.0	0.0	0.0	0.0	0.0	0.0	6.0	6.0	6.0	0.0	0.0	0.0
17	0.0	0.0	0.0	12.0	12.0	12.0	0.0	0.0	0.0	0.0	0.0	0.0	6.0	6.0	6.0	0.0	0.0	0.0	0.0	0.0	0.0	0.0	0.0	0.0	6.0	6.0	6.0	0.0	0.0	0.0
18	0.0	0.0	0.0	12.0	12.0	12.0	0.0	0.0	0.0	0.0	0.0	0.0	6.0	6.0	6.0	0.0	0.0	0.0	0.0	0.0	0.0	0.0	0.0	0.0	6.0	6.0	6.0	0.0	0.0	0.0
19	6.0	6.0	6.0	0.0	0.0	0.0	6.0	6.0	6.0	0.0	0.0	0.0	0.0	0.0	0.0	0.0	0.0	0.0	0.0	0.0	0.0	0.0	0.0	0.0	6.0	6.0	6.0	6.0	6.0	6.0
20	6.0	6.0	6.0	0.0	0.0	0.0	6.0	6.0	6.0	0.0	0.0	0.0	0.0	0.0	0.0	0.0	0.0	0.0	0.0	0.0	0.0	0.0	0.0	0.0	6.0	6.0	6.0	6.0	6.0	6.0
21	6.0	6.0	6.0	0.0	0.0	0.0	6.0	6.0	6.0	0.0	0.0	0.0	0.0	0.0	0.0	0.0	0.0	0.0	0.0	0.0	0.0	0.0	0.0	0.0	6.0	6.0	6.0	6.0	6.0	6.0
22	0.0	0.0	0.0	0.0	0.0	0.0	0.0	0.0	0.0	6.0	6.0	6.0	6.0	6.0	6.0	0.0	0.0	0.0	0.0	0.0	0.0	0.0	0.0	0.0	0.0	0.0	0.0	12.0	12.0	12.0
23	0.0	0.0	0.0	0.0	0.0	0.0	0.0	0.0	0.0	6.0	6.0	6.0	6.0	6.0	6.0	0.0	0.0	0.0	0.0	0.0	0.0	0.0	0.0	0.0	0.0	0.0	0.0	12.0	12.0	12.0
24	0.0	0.0	0.0	0.0	0.0	0.0	0.0	0.0	0.0	6.0	6.0	6.0	6.0	6.0	6.0	0.0	0.0	0.0	0.0	0.0	0.0	0.0	0.0	0.0	0.0	0.0	0.0	12.0	12.0	12.0
25	6.0	6.0	6.0	6.0	6.0	6.0	0.0	0.0	0.0	0.0	0.0	0.0	0.0	0.0	0.0	6.0	6.0	6.0	6.0	6.0	6.0	0.0	0.0	0.0	0.0	0.0	0.0	0.0	0.0	0.0
26	6.0	6.0	6.0	6.0	6.0	6.0	0.0	0.0	0.0	0.0	0.0	0.0	0.0	0.0	0.0	6.0	6.0	6.0	6.0	6.0	6.0	0.0	0.0	0.0	0.0	0.0	0.0	0.0	0.0	0.0
27	6.0	6.0	6.0	6.0	6.0	6.0	0.0	0.0	0.0	0.0	0.0	0.0	0.0	0.0	0.0	6.0	6.0	6.0	6.0	6.0	6.0	0.0	0.0	0.0	0.0	0.0	0.0	0.0	0.0	0.0
28	0.0	0.0	0.0	6.0	6.0	6.0	0.0	0.0	0.0	0.0	0.0	0.0	0.0	0.0	0.0	0.0	0.0	0.0	6.0	6.0	6.0	12.0	12.0	12.0	0.0	0.0	0.0	0.0	0.0	0.0
29	0.0	0.0	0.0	6.0	6.0	6.0	0.0	0.0	0.0	0.0	0.0	0.0	0.0	0.0	0.0	0.0	0.0	0.0	6.0	6.0	6.0	12.0	12.0	12.0	0.0	0.0	0.0	0.0	0.0	0.0
30	0.0	0.0	0.0	6.0	6.0	6.0	0.0	0.0	0.0	0.0	0.0	0.0	0.0	0.0	0.0	0.0	0.0	0.0	6.0	6.0	6.0	12.0	12.0	12.0	0.0	0.0	0.0	0.0	0.0	0.0
;

param CP :
	1	2	3	4	5	6	7	8	9	10	11	12	13	14	15	16	17	18	19	20 :=
1	0.0	1.6239	1.4485	1.8726	1.0152	1.9281	1.288	1.6435	1.4434	1.3305	1.818	1.889	1.2274	1.056	1.6881	1.3787	1.8773	1.1499	1.2648	1.4721
2	1.6239	0.0	1.7625	1.1001	1.026	1.623	1.6842	1.4638	1.4637	1.2271	1.0492	1.9364	1.8569	1.5826	1.2831	1.6619	1.2296	1.465	1.1759	1.36
3	1.4485	1.7625	0.0	1.8155	1.43	1.6127	1.5901	1.0726	1.1538	1.2547	1.4985	1.8552	1.5501	1.9222	1.2336	1.8151	1.4832	1.9437	1.2424	1.4357
4	1.8726	1.1001	1.8155	0.0	1.7939	1.3814	1.9163	1.2184	1.2713	1.3713	1.0547	1.8354	1.4128	1.7239	1.2145	1.6921	1.9101	1.5905	1.0484	1.6439
5	1.0152	1.026	1.43	1.7939	0.0	1.898	1.6378	1.4798	1.0079	1.2155	1.1042	1.1002	1.461	1.024	1.5488	1.4383	1.5368	1.4508	1.3875	1.2503
6	1.9281	1.623	1.6127	1.3814	1.898	0.0	1.0738	1.7589	1.8983	1.9578	1.1009	1.707	1.9021	1.3114	1.0868	1.2642	1.3454	1.0645	1.36	1.3956
7	1.288	1.6842	1.5901	1.9163	1.6378	1.0738	0.0	1.5527	1.5062	1.0029	1.1685	1.1197	1.5736	1.8327	1.2155	1.6657	1.1531	1.1857	1.3115	1.6467
8	1.6435	1.4638	1.0726	1.2184	1.4798	1.7589	1.5527	0.0	1.7819	1.2301	1.5719	1.6087	1.9988	1.9061	1.49	1.7902	1.973	1.0531	1.304	1.0241
9	1.4434	1.4637	1.1538	1.2713	1.0079	1.8983	1.5062	1.7819	0.0	1.2213	1.0081	1.3545	1.6005	1.6953	1.103	1.6274	1.6295	1.51	1.5112	1.1403
10	1.3305	1.2271	1.2547	1.3713	1.2155	1.9578	1.0029	1.2301	1.2213	0.0	1.3875	1.2883	1.4469	1.0215	1.5839	1.3086	1.8332	1.3479	1.4737	1.8846
11	1.818	1.0492	1.4985	1.0547	1.1042	1.1009	1.1685	1.5719	1.0081	1.3875	0.0	1.5254	1.2011	1.9772	1.8579	1.797	1.8745	1.2483	1.1125	1.3792
12	1.889	1.9364	1.8552	1.8354	1.1002	1.707	1.1197	1.6087	1.3545	1.2883	1.5254	0.0	1.7156	1.994	1.0801	1.0799	1.1776	1.7017	1.2016	1.7359
13	1.2274	1.8569	1.5501	1.4128	1.461	1.9021	1.5736	1.9988	1.6005	1.4469	1.2011	1.7156	0.0	1.1206	1.1503	1.8762	1.2486	1.7686	1.7301	1.1326
14	1.056	1.5826	1.9222	1.7239	1.024	1.3114	1.8327	1.9061	1.6953	1.0215	1.9772	1.994	1.1206	0.0	1.2347	1.0493	1.2658	1.3614	1.6445	1.34
15	1.6881	1.2831	1.2336	1.2145	1.5488	1.0868	1.2155	1.49	1.103	1.5839	1.8579	1.0801	1.1503	1.2347	0.0	1.8121	1.1369	1.7559	1.2858	1.7386
16	1.3787	1.6619	1.8151	1.6921	1.4383	1.2642	1.6657	1.7902	1.6274	1.3086	1.797	1.0799	1.8762	1.0493	1.8121	0.0	1.3929	1.1602	1.9331	1.4296
17	1.8773	1.2296	1.4832	1.9101	1.5368	1.3454	1.1531	1.973	1.6295	1.8332	1.8745	1.1776	1.2486	1.2658	1.1369	1.3929	0.0	1.6831	1.8617	1.3538
18	1.1499	1.465	1.9437	1.5905	1.4508	1.0645	1.1857	1.0531	1.51	1.3479	1.2483	1.7017	1.7686	1.3614	1.7559	1.1602	1.6831	0.0	1.056	1.0774
19	1.2648	1.1759	1.2424	1.0484	1.3875	1.36	1.3115	1.304	1.5112	1.4737	1.1125	1.2016	1.7301	1.6445	1.2858	1.9331	1.8617	1.056	0.0	1.4865
20	1.4721	1.36	1.4357	1.6439	1.2503	1.3956	1.6467	1.0241	1.1403	1.8846	1.3792	1.7359	1.1326	1.34	1.7386	1.4296	1.3538	1.0774	1.4865	0.0
;

# Dups: 3

# Chans: 180

# Actor Affinities
# 25 27 41
# 25 27 41
# 25 27 41
# 37 24 37
# 37 24 37
# 37 24 37
# 27 47 26
# 27 47 26
# 27 47 26
# 24 44 40
# 24 44 40
# 24 44 40
# 22 34 24
# 22 34 24
# 22 34 24
# 23 41 40
# 23 41 40
# 23 41 40
# 22 21 32
# 22 21 32
# 22 21 32
# 43 35 20
# 43 35 20
# 43 35 20
# 43 24 46
# 43 24 46
# 43 24 46
# 36 39 49
# 36 39 49
# 36 39 49

# Processor Affinities
# 10 12 12
# 10 10 10
# 10 10 12
# 12 10 12
# 11 12 11
# 10 10 11
# 11 11 11
# 11 12 11
# 11 11 12
# 12 11 12
# 11 11 11
# 10 10 12
# 10 10 11
# 11 10 10
# 12 12 10
# 12 10 12
# 10 12 12
# 12 11 10
# 10 11 10
# 10 11 12

# Topology
# 0 0 0 6 0 0 0 0 0 0 0 0 0 0 0 -2 0 0 0 0 0 0 0 0 0 0 0 0 0 0
# 0 0 0 6 0 0 0 0 0 0 0 0 0 0 0 0 -2 0 0 0 0 0 0 0 0 0 0 0 0 0
# 0 0 0 6 0 0 0 0 0 0 0 0 0 0 0 0 0 -2 0 0 0 0 0 0 0 0 0 0 0 0
# 0 0 0 0 6 0 0 0 0 0 0 0 0 0 0 -2 0 0 0 0 0 0 0 0 0 0 0 0 0 0
# 0 0 0 0 6 0 0 0 0 0 0 0 0 0 0 0 -2 0 0 0 0 0 0 0 0 0 0 0 0 0
# 0 0 0 0 6 0 0 0 0 0 0 0 0 0 0 0 0 -2 0 0 0 0 0 0 0 0 0 0 0 0
# 0 0 0 0 0 6 0 0 0 0 0 0 0 0 0 -2 0 0 0 0 0 0 0 0 0 0 0 0 0 0
# 0 0 0 0 0 6 0 0 0 0 0 0 0 0 0 0 -2 0 0 0 0 0 0 0 0 0 0 0 0 0
# 0 0 0 0 0 6 0 0 0 0 0 0 0 0 0 0 0 -2 0 0 0 0 0 0 0 0 0 0 0 0
# 0 0 0 0 0 0 0 0 0 0 0 0 0 0 0 0 0 0 -1 0 0 0 0 0 0 0 0 1 0 0
# 0 0 0 0 0 0 0 0 0 0 0 0 0 0 0 0 0 0 0 -1 0 0 0 0 0 0 0 1 0 0
# 0 0 0 0 0 0 0 0 0 0 0 0 0 0 0 0 0 0 0 0 -1 0 0 0 0 0 0 1 0 0
# 0 0 0 0 0 0 0 0 0 0 0 0 0 0 0 0 0 0 -1 0 0 0 0 0 0 0 0 0 1 0
# 0 0 0 0 0 0 0 0 0 0 0 0 0 0 0 0 0 0 0 -1 0 0 0 0 0 0 0 0 1 0
# 0 0 0 0 0 0 0 0 0 0 0 0 0 0 0 0 0 0 0 0 -1 0 0 0 0 0 0 0 1 0
# 0 0 0 0 0 0 0 0 0 0 0 0 0 0 0 0 0 0 -1 0 0 0 0 0 0 0 0 0 0 1
# 0 0 0 0 0 0 0 0 0 0 0 0 0 0 0 0 0 0 0 -1 0 0 0 0 0 0 0 0 0 1
# 0 0 0 0 0 0 0 0 0 0 0 0 0 0 0 0 0 0 0 0 -1 0 0 0 0 0 0 0 0 1
# 0 0 0 0 0 0 0 0 0 -6 0 0 2 0 0 0 0 0 0 0 0 0 0 0 0 0 0 0 0 0
# 0 0 0 0 0 0 0 0 0 0 -6 0 2 0 0 0 0 0 0 0 0 0 0 0 0 0 0 0 0 0
# 0 0 0 0 0 0 0 0 0 0 0 -6 2 0 0 0 0 0 0 0 0 0 0 0 0 0 0 0 0 0
# 0 0 0 0 0 0 0 0 0 -6 0 0 0 2 0 0 0 0 0 0 0 0 0 0 0 0 0 0 0 0
# 0 0 0 0 0 0 0 0 0 0 -6 0 0 2 0 0 0 0 0 0 0 0 0 0 0 0 0 0 0 0
# 0 0 0 0 0 0 0 0 0 0 0 -6 0 2 0 0 0 0 0 0 0 0 0 0 0 0 0 0 0 0
# 0 0 0 0 0 0 0 0 0 -6 0 0 0 0 2 0 0 0 0 0 0 0 0 0 0 0 0 0 0 0
# 0 0 0 0 0 0 0 0 0 0 -6 0 0 0 2 0 0 0 0 0 0 0 0 0 0 0 0 0 0 0
# 0 0 0 0 0 0 0 0 0 0 0 -6 0 0 2 0 0 0 0 0 0 0 0 0 0 0 0 0 0 0
# 0 0 0 6 0 0 0 0 0 0 0 0 0 0 0 -2 0 0 0 0 0 0 0 0 0 0 0 0 0 0
# 0 0 0 6 0 0 0 0 0 0 0 0 0 0 0 0 -2 0 0 0 0 0 0 0 0 0 0 0 0 0
# 0 0 0 6 0 0 0 0 0 0 0 0 0 0 0 0 0 -2 0 0 0 0 0 0 0 0 0 0 0 0
# 0 0 0 0 6 0 0 0 0 0 0 0 0 0 0 -2 0 0 0 0 0 0 0 0 0 0 0 0 0 0
# 0 0 0 0 6 0 0 0 0 0 0 0 0 0 0 0 -2 0 0 0 0 0 0 0 0 0 0 0 0 0
# 0 0 0 0 6 0 0 0 0 0 0 0 0 0 0 0 0 -2 0 0 0 0 0 0 0 0 0 0 0 0
# 0 0 0 0 0 6 0 0 0 0 0 0 0 0 0 -2 0 0 0 0 0 0 0 0 0 0 0 0 0 0
# 0 0 0 0 0 6 0 0 0 0 0 0 0 0 0 0 -2 0 0 0 0 0 0 0 0 0 0 0 0 0
# 0 0 0 0 0 6 0 0 0 0 0 0 0 0 0 0 0 -2 0 0 0 0 0 0 0 0 0 0 0 0
# 6 0 0 0 0 0 0 0 0 0 0 0 0 0 0 0 0 0 -1 0 0 0 0 0 0 0 0 0 0 0
# 6 0 0 0 0 0 0 0 0 0 0 0 0 0 0 0 0 0 0 -1 0 0 0 0 0 0 0 0 0 0
# 6 0 0 0 0 0 0 0 0 0 0 0 0 0 0 0 0 0 0 0 -1 0 0 0 0 0 0 0 0 0
# 0 6 0 0 0 0 0 0 0 0 0 0 0 0 0 0 0 0 -1 0 0 0 0 0 0 0 0 0 0 0
# 0 6 0 0 0 0 0 0 0 0 0 0 0 0 0 0 0 0 0 -1 0 0 0 0 0 0 0 0 0 0
# 0 6 0 0 0 0 0 0 0 0 0 0 0 0 0 0 0 0 0 0 -1 0 0 0 0 0 0 0 0 0
# 0 0 6 0 0 0 0 0 0 0 0 0 0 0 0 0 0 0 -1 0 0 0 0 0 0 0 0 0 0 0
# 0 0 6 0 0 0 0 0 0 0 0 0 0 0 0 0 0 0 0 -1 0 0 0 0 0 0 0 0 0 0
# 0 0 6 0 0 0 0 0 0 0 0 0 0 0 0 0 0 0 0 0 -1 0 0 0 0 0 0 0 0 0
# 0 0 0 0 0 0 -3 0 0 0 0 0 2 0 0 0 0 0 0 0 0 0 0 0 0 0 0 0 0 0
# 0 0 0 0 0 0 0 -3 0 0 0 0 2 0 0 0 0 0 0 0 0 0 0 0 0 0 0 0 0 0
# 0 0 0 0 0 0 0 0 -3 0 0 0 2 0 0 0 0 0 0 0 0 0 0 0 0 0 0 0 0 0
# 0 0 0 0 0 0 -3 0 0 0 0 0 0 2 0 0 0 0 0 0 0 0 0 0 0 0 0 0 0 0
# 0 0 0 0 0 0 0 -3 0 0 0 0 0 2 0 0 0 0 0 0 0 0 0 0 0 0 0 0 0 0
# 0 0 0 0 0 0 0 0 -3 0 0 0 0 2 0 0 0 0 0 0 0 0 0 0 0 0 0 0 0 0
# 0 0 0 0 0 0 -3 0 0 0 0 0 0 0 2 0 0 0 0 0 0 0 0 0 0 0 0 0 0 0
# 0 0 0 0 0 0 0 -3 0 0 0 0 0 0 2 0 0 0 0 0 0 0 0 0 0 0 0 0 0 0
# 0 0 0 0 0 0 0 0 -3 0 0 0 0 0 2 0 0 0 0 0 0 0 0 0 0 0 0 0 0 0
# 6 0 0 0 0 0 0 0 0 0 0 0 0 0 0 0 0 0 0 0 0 0 0 0 -1 0 0 0 0 0
# 6 0 0 0 0 0 0 0 0 0 0 0 0 0 0 0 0 0 0 0 0 0 0 0 0 -1 0 0 0 0
# 6 0 0 0 0 0 0 0 0 0 0 0 0 0 0 0 0 0 0 0 0 0 0 0 0 0 -1 0 0 0
# 0 6 0 0 0 0 0 0 0 0 0 0 0 0 0 0 0 0 0 0 0 0 0 0 -1 0 0 0 0 0
# 0 6 0 0 0 0 0 0 0 0 0 0 0 0 0 0 0 0 0 0 0 0 0 0 0 -1 0 0 0 0
# 0 6 0 0 0 0 0 0 0 0 0 0 0 0 0 0 0 0 0 0 0 0 0 0 0 0 -1 0 0 0
# 0 0 6 0 0 0 0 0 0 0 0 0 0 0 0 0 0 0 0 0 0 0 0 0 -1 0 0 0 0 0
# 0 0 6 0 0 0 0 0 0 0 0 0 0 0 0 0 0 0 0 0 0 0 0 0 0 -1 0 0 0 0
# 0 0 6 0 0 0 0 0 0 0 0 0 0 0 0 0 0 0 0 0 0 0 0 0 0 0 -1 0 0 0
# 0 0 0 0 0 0 0 0 0 0 0 0 0 0 0 0 0 0 0 0 0 -6 0 0 0 0 0 1 0 0
# 0 0 0 0 0 0 0 0 0 0 0 0 0 0 0 0 0 0 0 0 0 0 -6 0 0 0 0 1 0 0
# 0 0 0 0 0 0 0 0 0 0 0 0 0 0 0 0 0 0 0 0 0 0 0 -6 0 0 0 1 0 0
# 0 0 0 0 0 0 0 0 0 0 0 0 0 0 0 0 0 0 0 0 0 -6 0 0 0 0 0 0 1 0
# 0 0 0 0 0 0 0 0 0 0 0 0 0 0 0 0 0 0 0 0 0 0 -6 0 0 0 0 0 1 0
# 0 0 0 0 0 0 0 0 0 0 0 0 0 0 0 0 0 0 0 0 0 0 0 -6 0 0 0 0 1 0
# 0 0 0 0 0 0 0 0 0 0 0 0 0 0 0 0 0 0 0 0 0 -6 0 0 0 0 0 0 0 1
# 0 0 0 0 0 0 0 0 0 0 0 0 0 0 0 0 0 0 0 0 0 0 -6 0 0 0 0 0 0 1
# 0 0 0 0 0 0 0 0 0 0 0 0 0 0 0 0 0 0 0 0 0 0 0 -6 0 0 0 0 0 1
# 0 0 0 0 0 0 0 0 0 0 0 0 0 0 0 2 0 0 0 0 0 0 0 0 -1 0 0 0 0 0
# 0 0 0 0 0 0 0 0 0 0 0 0 0 0 0 2 0 0 0 0 0 0 0 0 0 -1 0 0 0 0
# 0 0 0 0 0 0 0 0 0 0 0 0 0 0 0 2 0 0 0 0 0 0 0 0 0 0 -1 0 0 0
# 0 0 0 0 0 0 0 0 0 0 0 0 0 0 0 0 2 0 0 0 0 0 0 0 -1 0 0 0 0 0
# 0 0 0 0 0 0 0 0 0 0 0 0 0 0 0 0 2 0 0 0 0 0 0 0 0 -1 0 0 0 0
# 0 0 0 0 0 0 0 0 0 0 0 0 0 0 0 0 2 0 0 0 0 0 0 0 0 0 -1 0 0 0
# 0 0 0 0 0 0 0 0 0 0 0 0 0 0 0 0 0 2 0 0 0 0 0 0 -1 0 0 0 0 0
# 0 0 0 0 0 0 0 0 0 0 0 0 0 0 0 0 0 2 0 0 0 0 0 0 0 -1 0 0 0 0
# 0 0 0 0 0 0 0 0 0 0 0 0 0 0 0 0 0 2 0 0 0 0 0 0 0 0 -1 0 0 0
# 0 0 0 0 0 0 0 0 0 6 0 0 0 0 0 0 0 0 0 0 0 -6 0 0 0 0 0 0 0 0
# 0 0 0 0 0 0 0 0 0 6 0 0 0 0 0 0 0 0 0 0 0 0 -6 0 0 0 0 0 0 0
# 0 0 0 0 0 0 0 0 0 6 0 0 0 0 0 0 0 0 0 0 0 0 0 -6 0 0 0 0 0 0
# 0 0 0 0 0 0 0 0 0 0 6 0 0 0 0 0 0 0 0 0 0 -6 0 0 0 0 0 0 0 0
# 0 0 0 0 0 0 0 0 0 0 6 0 0 0 0 0 0 0 0 0 0 0 -6 0 0 0 0 0 0 0
# 0 0 0 0 0 0 0 0 0 0 6 0 0 0 0 0 0 0 0 0 0 0 0 -6 0 0 0 0 0 0
# 0 0 0 0 0 0 0 0 0 0 0 6 0 0 0 0 0 0 0 0 0 -6 0 0 0 0 0 0 0 0
# 0 0 0 0 0 0 0 0 0 0 0 6 0 0 0 0 0 0 0 0 0 0 -6 0 0 0 0 0 0 0
# 0 0 0 0 0 0 0 0 0 0 0 6 0 0 0 0 0 0 0 0 0 0 0 -6 0 0 0 0 0 0
# 0 0 0 6 0 0 -3 0 0 0 0 0 0 0 0 0 0 0 0 0 0 0 0 0 0 0 0 0 0 0
# 0 0 0 6 0 0 0 -3 0 0 0 0 0 0 0 0 0 0 0 0 0 0 0 0 0 0 0 0 0 0
# 0 0 0 6 0 0 0 0 -3 0 0 0 0 0 0 0 0 0 0 0 0 0 0 0 0 0 0 0 0 0
# 0 0 0 0 6 0 -3 0 0 0 0 0 0 0 0 0 0 0 0 0 0 0 0 0 0 0 0 0 0 0
# 0 0 0 0 6 0 0 -3 0 0 0 0 0 0 0 0 0 0 0 0 0 0 0 0 0 0 0 0 0 0
# 0 0 0 0 6 0 0 0 -3 0 0 0 0 0 0 0 0 0 0 0 0 0 0 0 0 0 0 0 0 0
# 0 0 0 0 0 6 -3 0 0 0 0 0 0 0 0 0 0 0 0 0 0 0 0 0 0 0 0 0 0 0
# 0 0 0 0 0 6 0 -3 0 0 0 0 0 0 0 0 0 0 0 0 0 0 0 0 0 0 0 0 0 0
# 0 0 0 0 0 6 0 0 -3 0 0 0 0 0 0 0 0 0 0 0 0 0 0 0 0 0 0 0 0 0
# 0 0 0 0 0 0 0 0 0 0 0 0 2 0 0 0 0 0 0 0 0 -6 0 0 0 0 0 0 0 0
# 0 0 0 0 0 0 0 0 0 0 0 0 2 0 0 0 0 0 0 0 0 0 -6 0 0 0 0 0 0 0
# 0 0 0 0 0 0 0 0 0 0 0 0 2 0 0 0 0 0 0 0 0 0 0 -6 0 0 0 0 0 0
# 0 0 0 0 0 0 0 0 0 0 0 0 0 2 0 0 0 0 0 0 0 -6 0 0 0 0 0 0 0 0
# 0 0 0 0 0 0 0 0 0 0 0 0 0 2 0 0 0 0 0 0 0 0 -6 0 0 0 0 0 0 0
# 0 0 0 0 0 0 0 0 0 0 0 0 0 2 0 0 0 0 0 0 0 0 0 -6 0 0 0 0 0 0
# 0 0 0 0 0 0 0 0 0 0 0 0 0 0 2 0 0 0 0 0 0 -6 0 0 0 0 0 0 0 0
# 0 0 0 0 0 0 0 0 0 0 0 0 0 0 2 0 0 0 0 0 0 0 -6 0 0 0 0 0 0 0
# 0 0 0 0 0 0 0 0 0 0 0 0 0 0 2 0 0 0 0 0 0 0 0 -6 0 0 0 0 0 0
# 0 0 0 0 0 0 0 0 0 0 0 0 0 0 0 0 0 0 0 0 0 -6 0 0 0 0 0 1 0 0
# 0 0 0 0 0 0 0 0 0 0 0 0 0 0 0 0 0 0 0 0 0 0 -6 0 0 0 0 1 0 0
# 0 0 0 0 0 0 0 0 0 0 0 0 0 0 0 0 0 0 0 0 0 0 0 -6 0 0 0 1 0 0
# 0 0 0 0 0 0 0 0 0 0 0 0 0 0 0 0 0 0 0 0 0 -6 0 0 0 0 0 0 1 0
# 0 0 0 0 0 0 0 0 0 0 0 0 0 0 0 0 0 0 0 0 0 0 -6 0 0 0 0 0 1 0
# 0 0 0 0 0 0 0 0 0 0 0 0 0 0 0 0 0 0 0 0 0 0 0 -6 0 0 0 0 1 0
# 0 0 0 0 0 0 0 0 0 0 0 0 0 0 0 0 0 0 0 0 0 -6 0 0 0 0 0 0 0 1
# 0 0 0 0 0 0 0 0 0 0 0 0 0 0 0 0 0 0 0 0 0 0 -6 0 0 0 0 0 0 1
# 0 0 0 0 0 0 0 0 0 0 0 0 0 0 0 0 0 0 0 0 0 0 0 -6 0 0 0 0 0 1
# 0 0 0 6 0 0 0 0 0 0 0 0 0 0 0 0 0 0 0 0 0 0 0 0 -1 0 0 0 0 0
# 0 0 0 6 0 0 0 0 0 0 0 0 0 0 0 0 0 0 0 0 0 0 0 0 0 -1 0 0 0 0
# 0 0 0 6 0 0 0 0 0 0 0 0 0 0 0 0 0 0 0 0 0 0 0 0 0 0 -1 0 0 0
# 0 0 0 0 6 0 0 0 0 0 0 0 0 0 0 0 0 0 0 0 0 0 0 0 -1 0 0 0 0 0
# 0 0 0 0 6 0 0 0 0 0 0 0 0 0 0 0 0 0 0 0 0 0 0 0 0 -1 0 0 0 0
# 0 0 0 0 6 0 0 0 0 0 0 0 0 0 0 0 0 0 0 0 0 0 0 0 0 0 -1 0 0 0
# 0 0 0 0 0 6 0 0 0 0 0 0 0 0 0 0 0 0 0 0 0 0 0 0 -1 0 0 0 0 0
# 0 0 0 0 0 6 0 0 0 0 0 0 0 0 0 0 0 0 0 0 0 0 0 0 0 -1 0 0 0 0
# 0 0 0 0 0 6 0 0 0 0 0 0 0 0 0 0 0 0 0 0 0 0 0 0 0 0 -1 0 0 0
# 0 0 0 6 0 0 0 0 0 0 0 0 0 0 0 0 0 0 0 0 0 0 0 0 0 0 0 -1 0 0
# 0 0 0 6 0 0 0 0 0 0 0 0 0 0 0 0 0 0 0 0 0 0 0 0 0 0 0 0 -1 0
# 0 0 0 6 0 0 0 0 0 0 0 0 0 0 0 0 0 0 0 0 0 0 0 0 0 0 0 0 0 -1
# 0 0 0 0 6 0 0 0 0 0 0 0 0 0 0 0 0 0 0 0 0 0 0 0 0 0 0 -1 0 0
# 0 0 0 0 6 0 0 0 0 0 0 0 0 0 0 0 0 0 0 0 0 0 0 0 0 0 0 0 -1 0
# 0 0 0 0 6 0 0 0 0 0 0 0 0 0 0 0 0 0 0 0 0 0 0 0 0 0 0 0 0 -1
# 0 0 0 0 0 6 0 0 0 0 0 0 0 0 0 0 0 0 0 0 0 0 0 0 0 0 0 -1 0 0
# 0 0 0 0 0 6 0 0 0 0 0 0 0 0 0 0 0 0 0 0 0 0 0 0 0 0 0 0 -1 0
# 0 0 0 0 0 6 0 0 0 0 0 0 0 0 0 0 0 0 0 0 0 0 0 0 0 0 0 0 0 -1
# 0 0 0 0 0 0 -3 0 0 0 0 0 0 0 0 0 0 0 1 0 0 0 0 0 0 0 0 0 0 0
# 0 0 0 0 0 0 0 -3 0 0 0 0 0 0 0 0 0 0 1 0 0 0 0 0 0 0 0 0 0 0
# 0 0 0 0 0 0 0 0 -3 0 0 0 0 0 0 0 0 0 1 0 0 0 0 0 0 0 0 0 0 0
# 0 0 0 0 0 0 -3 0 0 0 0 0 0 0 0 0 0 0 0 1 0 0 0 0 0 0 0 0 0 0
# 0 0 0 0 0 0 0 -3 0 0 0 0 0 0 0 0 0 0 0 1 0 0 0 0 0 0 0 0 0 0
# 0 0 0 0 0 0 0 0 -3 0 0 0 0 0 0 0 0 0 0 1 0 0 0 0 0 0 0 0 0 0
# 0 0 0 0 0 0 -3 0 0 0 0 0 0 0 0 0 0 0 0 0 1 0 0 0 0 0 0 0 0 0
# 0 0 0 0 0 0 0 -3 0 0 0 0 0 0 0 0 0 0 0 0 1 0 0 0 0 0 0 0 0 0
# 0 0 0 0 0 0 0 0 -3 0 0 0 0 0 0 0 0 0 0 0 1 0 0 0 0 0 0 0 0 0
# 6 0 0 0 0 0 0 0 0 -6 0 0 0 0 0 0 0 0 0 0 0 0 0 0 0 0 0 0 0 0
# 6 0 0 0 0 0 0 0 0 0 -6 0 0 0 0 0 0 0 0 0 0 0 0 0 0 0 0 0 0 0
# 6 0 0 0 0 0 0 0 0 0 0 -6 0 0 0 0 0 0 0 0 0 0 0 0 0 0 0 0 0 0
# 0 6 0 0 0 0 0 0 0 -6 0 0 0 0 0 0 0 0 0 0 0 0 0 0 0 0 0 0 0 0
# 0 6 0 0 0 0 0 0 0 0 -6 0 0 0 0 0 0 0 0 0 0 0 0 0 0 0 0 0 0 0
# 0 6 0 0 0 0 0 0 0 0 0 -6 0 0 0 0 0 0 0 0 0 0 0 0 0 0 0 0 0 0
# 0 0 6 0 0 0 0 0 0 -6 0 0 0 0 0 0 0 0 0 0 0 0 0 0 0 0 0 0 0 0
# 0 0 6 0 0 0 0 0 0 0 -6 0 0 0 0 0 0 0 0 0 0 0 0 0 0 0 0 0 0 0
# 0 0 6 0 0 0 0 0 0 0 0 -6 0 0 0 0 0 0 0 0 0 0 0 0 0 0 0 0 0 0
# 0 0 0 0 0 0 0 0 0 0 0 0 0 0 0 0 0 0 1 0 0 0 0 0 -1 0 0 0 0 0
# 0 0 0 0 0 0 0 0 0 0 0 0 0 0 0 0 0 0 1 0 0 0 0 0 0 -1 0 0 0 0
# 0 0 0 0 0 0 0 0 0 0 0 0 0 0 0 0 0 0 1 0 0 0 0 0 0 0 -1 0 0 0
# 0 0 0 0 0 0 0 0 0 0 0 0 0 0 0 0 0 0 0 1 0 0 0 0 -1 0 0 0 0 0
# 0 0 0 0 0 0 0 0 0 0 0 0 0 0 0 0 0 0 0 1 0 0 0 0 0 -1 0 0 0 0
# 0 0 0 0 0 0 0 0 0 0 0 0 0 0 0 0 0 0 0 1 0 0 0 0 0 0 -1 0 0 0
# 0 0 0 0 0 0 0 0 0 0 0 0 0 0 0 0 0 0 0 0 1 0 0 0 -1 0 0 0 0 0
# 0 0 0 0 0 0 0 0 0 0 0 0 0 0 0 0 0 0 0 0 1 0 0 0 0 -1 0 0 0 0
# 0 0 0 0 0 0 0 0 0 0 0 0 0 0 0 0 0 0 0 0 1 0 0 0 0 0 -1 0 0 0
# 0 0 0 0 0 0 0 0 0 0 0 0 2 0 0 -2 0 0 0 0 0 0 0 0 0 0 0 0 0 0
# 0 0 0 0 0 0 0 0 0 0 0 0 2 0 0 0 -2 0 0 0 0 0 0 0 0 0 0 0 0 0
# 0 0 0 0 0 0 0 0 0 0 0 0 2 0 0 0 0 -2 0 0 0 0 0 0 0 0 0 0 0 0
# 0 0 0 0 0 0 0 0 0 0 0 0 0 2 0 -2 0 0 0 0 0 0 0 0 0 0 0 0 0 0
# 0 0 0 0 0 0 0 0 0 0 0 0 0 2 0 0 -2 0 0 0 0 0 0 0 0 0 0 0 0 0
# 0 0 0 0 0 0 0 0 0 0 0 0 0 2 0 0 0 -2 0 0 0 0 0 0 0 0 0 0 0 0
# 0 0 0 0 0 0 0 0 0 0 0 0 0 0 2 -2 0 0 0 0 0 0 0 0 0 0 0 0 0 0
# 0 0 0 0 0 0 0 0 0 0 0 0 0 0 2 0 -2 0 0 0 0 0 0 0 0 0 0 0 0 0
# 0 0 0 0 0 0 0 0 0 0 0 0 0 0 2 0 0 -2 0 0 0 0 0 0 0 0 0 0 0 0
# 0 0 0 6 0 0 0 0 0 -6 0 0 0 0 0 0 0 0 0 0 0 0 0 0 0 0 0 0 0 0
# 0 0 0 6 0 0 0 0 0 0 -6 0 0 0 0 0 0 0 0 0 0 0 0 0 0 0 0 0 0 0
# 0 0 0 6 0 0 0 0 0 0 0 -6 0 0 0 0 0 0 0 0 0 0 0 0 0 0 0 0 0 0
# 0 0 0 0 6 0 0 0 0 -6 0 0 0 0 0 0 0 0 0 0 0 0 0 0 0 0 0 0 0 0
# 0 0 0 0 6 0 0 0 0 0 -6 0 0 0 0 0 0 0 0 0 0 0 0 0 0 0 0 0 0 0
# 0 0 0 0 6 0 0 0 0 0 0 -6 0 0 0 0 0 0 0 0 0 0 0 0 0 0 0 0 0 0
# 0 0 0 0 0 6 0 0 0 -6 0 0 0 0 0 0 0 0 0 0 0 0 0 0 0 0 0 0 0 0
# 0 0 0 0 0 6 0 0 0 0 -6 0 0 0 0 0 0 0 0 0 0 0 0 0 0 0 0 0 0 0
# 0 0 0 0 0 6 0 0 0 0 0 -6 0 0 0 0 0 0 0 0 0 0 0 0 0 0 0 0 0 0
