data;

param n := 20;

param p := 13;

param AG :
	1	2	3	4	5	6	7	8	9	10	11	12	13	14	15	16	17	18	19	20 :=
1	0	1	0	0	0	0	0	0	0	0	0	0	0	0	0	0	0	0	0	0
2	1	0	0	0	0	0	0	0	0	0	0	0	0	0	0	0	0	0	0	0
3	0	0	0	1	0	0	0	0	0	0	0	0	0	0	0	0	0	0	0	0
4	0	0	1	0	0	0	0	0	0	0	0	0	0	0	0	0	0	0	0	0
5	0	0	0	0	0	1	0	0	0	0	0	0	0	0	0	0	0	0	0	0
6	0	0	0	0	1	0	0	0	0	0	0	0	0	0	0	0	0	0	0	0
7	0	0	0	0	0	0	0	1	0	0	0	0	0	0	0	0	0	0	0	0
8	0	0	0	0	0	0	1	0	0	0	0	0	0	0	0	0	0	0	0	0
9	0	0	0	0	0	0	0	0	0	1	0	0	0	0	0	0	0	0	0	0
10	0	0	0	0	0	0	0	0	1	0	0	0	0	0	0	0	0	0	0	0
11	0	0	0	0	0	0	0	0	0	0	0	1	0	0	0	0	0	0	0	0
12	0	0	0	0	0	0	0	0	0	0	1	0	0	0	0	0	0	0	0	0
13	0	0	0	0	0	0	0	0	0	0	0	0	0	1	0	0	0	0	0	0
14	0	0	0	0	0	0	0	0	0	0	0	0	1	0	0	0	0	0	0	0
15	0	0	0	0	0	0	0	0	0	0	0	0	0	0	0	1	0	0	0	0
16	0	0	0	0	0	0	0	0	0	0	0	0	0	0	1	0	0	0	0	0
17	0	0	0	0	0	0	0	0	0	0	0	0	0	0	0	0	0	1	0	0
18	0	0	0	0	0	0	0	0	0	0	0	0	0	0	0	0	1	0	0	0
19	0	0	0	0	0	0	0	0	0	0	0	0	0	0	0	0	0	0	0	1
20	0	0	0	0	0	0	0	0	0	0	0	0	0	0	0	0	0	0	1	0
;

param PI :
	1	2	3	4	5	6	7	8	9	10	11	12	13 :=
1	2.1432	2.2091	2.165	2.17	2.3509	2.1455	2.3509	2.2086	2.43	2.2855	2.2245	2.0795	2.2309
2	2.1432	2.2091	2.165	2.17	2.3509	2.1455	2.3509	2.2086	2.43	2.2855	2.2245	2.0795	2.2309
3	3.2227	3.2727	3.245	3.11	3.54	3.1614	3.54	3.3564	3.6	3.4064	3.2214	3.1114	3.295
4	3.2227	3.2727	3.245	3.11	3.54	3.1614	3.54	3.3564	3.6	3.4064	3.2214	3.1114	3.295
5	3.1568	3.2455	3.14	3.17	3.4636	3.1705	3.4636	3.285	3.57	3.3355	3.2768	3.0818	3.2286
6	3.1568	3.2455	3.14	3.17	3.4636	3.1705	3.4636	3.285	3.57	3.3355	3.2768	3.0818	3.2286
7	2.9682	3.0545	3.0	2.99	3.2564	2.9636	3.2564	3.0609	3.36	3.1636	3.0673	2.8773	3.0864
8	2.9682	3.0545	3.0	2.99	3.2564	2.9636	3.2564	3.0609	3.36	3.1636	3.0673	2.8773	3.0864
9	2.5773	2.6455	2.565	2.575	2.8282	2.5818	2.8282	2.6836	2.91	2.7218	2.6636	2.5136	2.6332
10	2.5773	2.6455	2.565	2.575	2.8282	2.5818	2.8282	2.6836	2.91	2.7218	2.6636	2.5136	2.6332
11	2.6659	2.7273	2.665	2.635	2.9264	2.6523	2.9264	2.775	3.0	2.8173	2.7259	2.5909	2.7264
12	2.6659	2.7273	2.665	2.635	2.9264	2.6523	2.9264	2.775	3.0	2.8173	2.7259	2.5909	2.7264
13	1.9182	1.9636	1.91	1.9	2.1055	1.9136	2.1055	2.0	2.16	2.0236	1.9682	1.8682	1.9555
14	1.9182	1.9636	1.91	1.9	2.1055	1.9136	2.1055	2.0	2.16	2.0236	1.9682	1.8682	1.9555
15	2.9932	3.0545	2.985	2.935	3.2864	2.9705	3.2864	3.1241	3.36	3.1555	3.0441	2.9091	3.0464
16	2.9932	3.0545	2.985	2.935	3.2864	2.9705	3.2864	3.1241	3.36	3.1555	3.0441	2.9091	3.0464
17	2.2295	2.2909	2.27	2.235	2.4464	2.2136	2.4464	2.2923	2.52	2.3836	2.2873	2.1523	2.3314
18	2.2295	2.2909	2.27	2.235	2.4464	2.2136	2.4464	2.2923	2.52	2.3836	2.2873	2.1523	2.3314
19	3.3568	3.4636	3.41	3.41	3.6818	3.3568	3.6818	3.4468	3.81	3.5918	3.485	3.25	3.5168
20	3.3568	3.4636	3.41	3.41	3.6818	3.3568	3.6818	3.4468	3.81	3.5918	3.485	3.25	3.5168
;

param CA :
	1	2	3	4	5	6	7	8	9	10	11	12	13	14	15	16	17	18	19	20 :=
1	0.0	0.0	6.0	6.0	0.0	0.0	12.0	12.0	0.0	0.0	6.0	6.0	0.0	0.0	0.0	0.0	0.0	0.0	0.0	0.0
2	0.0	0.0	6.0	6.0	0.0	0.0	12.0	12.0	0.0	0.0	6.0	6.0	0.0	0.0	0.0	0.0	0.0	0.0	0.0	0.0
3	6.0	6.0	0.0	0.0	0.0	0.0	0.0	0.0	0.0	0.0	0.0	0.0	6.0	6.0	0.0	0.0	12.0	12.0	6.0	6.0
4	6.0	6.0	0.0	0.0	0.0	0.0	0.0	0.0	0.0	0.0	0.0	0.0	6.0	6.0	0.0	0.0	12.0	12.0	6.0	6.0
5	0.0	0.0	0.0	0.0	0.0	0.0	0.0	0.0	0.0	0.0	6.0	6.0	6.0	6.0	6.0	6.0	0.0	0.0	0.0	0.0
6	0.0	0.0	0.0	0.0	0.0	0.0	0.0	0.0	0.0	0.0	6.0	6.0	6.0	6.0	6.0	6.0	0.0	0.0	0.0	0.0
7	12.0	12.0	0.0	0.0	0.0	0.0	0.0	0.0	0.0	0.0	0.0	0.0	6.0	6.0	6.0	6.0	0.0	0.0	0.0	0.0
8	12.0	12.0	0.0	0.0	0.0	0.0	0.0	0.0	0.0	0.0	0.0	0.0	6.0	6.0	6.0	6.0	0.0	0.0	0.0	0.0
9	0.0	0.0	0.0	0.0	0.0	0.0	0.0	0.0	0.0	0.0	0.0	0.0	6.0	6.0	0.0	0.0	0.0	0.0	6.0	6.0
10	0.0	0.0	0.0	0.0	0.0	0.0	0.0	0.0	0.0	0.0	0.0	0.0	6.0	6.0	0.0	0.0	0.0	0.0	6.0	6.0
11	6.0	6.0	0.0	0.0	6.0	6.0	0.0	0.0	0.0	0.0	0.0	0.0	6.0	6.0	6.0	6.0	0.0	0.0	0.0	0.0
12	6.0	6.0	0.0	0.0	6.0	6.0	0.0	0.0	0.0	0.0	0.0	0.0	6.0	6.0	6.0	6.0	0.0	0.0	0.0	0.0
13	0.0	0.0	6.0	6.0	6.0	6.0	6.0	6.0	6.0	6.0	6.0	6.0	0.0	0.0	0.0	0.0	0.0	0.0	0.0	0.0
14	0.0	0.0	6.0	6.0	6.0	6.0	6.0	6.0	6.0	6.0	6.0	6.0	0.0	0.0	0.0	0.0	0.0	0.0	0.0	0.0
15	0.0	0.0	0.0	0.0	6.0	6.0	6.0	6.0	0.0	0.0	6.0	6.0	0.0	0.0	0.0	0.0	0.0	0.0	6.0	6.0
16	0.0	0.0	0.0	0.0	6.0	6.0	6.0	6.0	0.0	0.0	6.0	6.0	0.0	0.0	0.0	0.0	0.0	0.0	6.0	6.0
17	0.0	0.0	12.0	12.0	0.0	0.0	0.0	0.0	0.0	0.0	0.0	0.0	0.0	0.0	0.0	0.0	0.0	0.0	12.0	12.0
18	0.0	0.0	12.0	12.0	0.0	0.0	0.0	0.0	0.0	0.0	0.0	0.0	0.0	0.0	0.0	0.0	0.0	0.0	12.0	12.0
19	0.0	0.0	6.0	6.0	0.0	0.0	0.0	0.0	6.0	6.0	0.0	0.0	0.0	0.0	6.0	6.0	12.0	12.0	0.0	0.0
20	0.0	0.0	6.0	6.0	0.0	0.0	0.0	0.0	6.0	6.0	0.0	0.0	0.0	0.0	6.0	6.0	12.0	12.0	0.0	0.0
;

param CP :
	1	2	3	4	5	6	7	8	9	10	11	12	13 :=
1	0.0	1.288	1.2833	1.978	1.0444	1.2507	1.9829	1.3274	1.3668	1.4964	1.6604	1.3686	1.6861
2	1.288	0.0	1.2927	1.8739	1.6852	1.256	1.9478	1.8865	1.7427	1.8778	1.6347	1.1977	1.3266
3	1.2833	1.2927	0.0	1.3828	1.447	1.788	1.0543	1.1718	1.9584	1.4089	1.1886	1.9655	1.8886
4	1.978	1.8739	1.3828	0.0	1.0486	1.9027	1.122	1.8077	1.1758	1.6448	1.6229	1.1256	1.553
5	1.0444	1.6852	1.447	1.0486	0.0	1.6268	1.1043	1.4534	1.0989	1.1413	1.7944	1.2314	1.1998
6	1.2507	1.256	1.788	1.9027	1.6268	0.0	1.8684	1.0973	1.0029	1.302	1.7286	1.8917	1.054
7	1.9829	1.9478	1.0543	1.122	1.1043	1.8684	0.0	1.1082	1.752	1.9298	1.5758	1.9661	1.3555
8	1.3274	1.8865	1.1718	1.8077	1.4534	1.0973	1.1082	0.0	1.3347	1.9685	1.1093	1.2778	1.6735
9	1.3668	1.7427	1.9584	1.1758	1.0989	1.0029	1.752	1.3347	0.0	1.2617	1.0503	1.8437	1.01
10	1.4964	1.8778	1.4089	1.6448	1.1413	1.302	1.9298	1.9685	1.2617	0.0	1.8705	1.2334	1.7733
11	1.6604	1.6347	1.1886	1.6229	1.7944	1.7286	1.5758	1.1093	1.0503	1.8705	0.0	1.191	1.4774
12	1.3686	1.1977	1.9655	1.1256	1.2314	1.8917	1.9661	1.2778	1.8437	1.2334	1.191	0.0	1.0814
13	1.6861	1.3266	1.8886	1.553	1.1998	1.054	1.3555	1.6735	1.01	1.7733	1.4774	1.0814	0.0
;

# Dups: 2

# Chans: 80

# Actor Affinities
# 24 29 28
# 24 29 28
# 49 22 49
# 49 22 49
# 47 39 33
# 47 39 33
# 34 38 40
# 34 38 40
# 39 30 28
# 39 30 28
# 40 27 33
# 40 27 33
# 30 20 22
# 30 20 22
# 48 27 37
# 48 27 37
# 23 27 34
# 23 27 34
# 33 47 47
# 33 47 47

# Processor Affinities
# 11 12 11
# 11 11 11
# 12 12 10
# 12 10 12
# 10 11 10
# 11 11 12
# 10 11 10
# 10 12 11
# 10 10 10
# 11 11 10
# 11 10 12
# 11 12 12
# 12 11 10

# Topology
# 0 0 -1 0 0 0 0 0 0 0 0 0 0 0 0 0 1 0 0 0
# 0 0 0 -1 0 0 0 0 0 0 0 0 0 0 0 0 1 0 0 0
# 0 0 -1 0 0 0 0 0 0 0 0 0 0 0 0 0 0 1 0 0
# 0 0 0 -1 0 0 0 0 0 0 0 0 0 0 0 0 0 1 0 0
# 0 0 0 0 2 0 0 0 0 0 -6 0 0 0 0 0 0 0 0 0
# 0 0 0 0 2 0 0 0 0 0 0 -6 0 0 0 0 0 0 0 0
# 0 0 0 0 0 2 0 0 0 0 -6 0 0 0 0 0 0 0 0 0
# 0 0 0 0 0 2 0 0 0 0 0 -6 0 0 0 0 0 0 0 0
# 6 0 -1 0 0 0 0 0 0 0 0 0 0 0 0 0 0 0 0 0
# 6 0 0 -1 0 0 0 0 0 0 0 0 0 0 0 0 0 0 0 0
# 0 6 -1 0 0 0 0 0 0 0 0 0 0 0 0 0 0 0 0 0
# 0 6 0 -1 0 0 0 0 0 0 0 0 0 0 0 0 0 0 0 0
# 0 0 0 0 0 0 0 0 0 0 6 0 -6 0 0 0 0 0 0 0
# 0 0 0 0 0 0 0 0 0 0 6 0 0 -6 0 0 0 0 0 0
# 0 0 0 0 0 0 0 0 0 0 0 6 -6 0 0 0 0 0 0 0
# 0 0 0 0 0 0 0 0 0 0 0 6 0 -6 0 0 0 0 0 0
# 0 0 0 0 0 0 0 0 -2 0 0 0 6 0 0 0 0 0 0 0
# 0 0 0 0 0 0 0 0 0 -2 0 0 6 0 0 0 0 0 0 0
# 0 0 0 0 0 0 0 0 -2 0 0 0 0 6 0 0 0 0 0 0
# 0 0 0 0 0 0 0 0 0 -2 0 0 0 6 0 0 0 0 0 0
# 0 0 0 0 0 0 0 0 0 0 0 0 0 0 0 0 -1 0 1 0
# 0 0 0 0 0 0 0 0 0 0 0 0 0 0 0 0 0 -1 1 0
# 0 0 0 0 0 0 0 0 0 0 0 0 0 0 0 0 -1 0 0 1
# 0 0 0 0 0 0 0 0 0 0 0 0 0 0 0 0 0 -1 0 1
# 0 0 0 0 0 0 3 0 0 0 0 0 -6 0 0 0 0 0 0 0
# 0 0 0 0 0 0 3 0 0 0 0 0 0 -6 0 0 0 0 0 0
# 0 0 0 0 0 0 0 3 0 0 0 0 -6 0 0 0 0 0 0 0
# 0 0 0 0 0 0 0 3 0 0 0 0 0 -6 0 0 0 0 0 0
# 6 0 0 0 0 0 -3 0 0 0 0 0 0 0 0 0 0 0 0 0
# 6 0 0 0 0 0 0 -3 0 0 0 0 0 0 0 0 0 0 0 0
# 0 6 0 0 0 0 -3 0 0 0 0 0 0 0 0 0 0 0 0 0
# 0 6 0 0 0 0 0 -3 0 0 0 0 0 0 0 0 0 0 0 0
# 0 0 0 0 0 0 0 0 0 0 -6 0 0 0 1 0 0 0 0 0
# 0 0 0 0 0 0 0 0 0 0 0 -6 0 0 1 0 0 0 0 0
# 0 0 0 0 0 0 0 0 0 0 -6 0 0 0 0 1 0 0 0 0
# 0 0 0 0 0 0 0 0 0 0 0 -6 0 0 0 1 0 0 0 0
# 0 0 0 0 -2 0 0 0 0 0 0 0 0 0 1 0 0 0 0 0
# 0 0 0 0 0 -2 0 0 0 0 0 0 0 0 1 0 0 0 0 0
# 0 0 0 0 -2 0 0 0 0 0 0 0 0 0 0 1 0 0 0 0
# 0 0 0 0 0 -2 0 0 0 0 0 0 0 0 0 1 0 0 0 0
# 0 0 -1 0 0 0 0 0 0 0 0 0 0 0 0 0 1 0 0 0
# 0 0 0 -1 0 0 0 0 0 0 0 0 0 0 0 0 1 0 0 0
# 0 0 -1 0 0 0 0 0 0 0 0 0 0 0 0 0 0 1 0 0
# 0 0 0 -1 0 0 0 0 0 0 0 0 0 0 0 0 0 1 0 0
# 0 0 0 0 0 0 0 0 -2 0 0 0 0 0 0 0 0 0 1 0
# 0 0 0 0 0 0 0 0 0 -2 0 0 0 0 0 0 0 0 1 0
# 0 0 0 0 0 0 0 0 -2 0 0 0 0 0 0 0 0 0 0 1
# 0 0 0 0 0 0 0 0 0 -2 0 0 0 0 0 0 0 0 0 1
# 6 0 0 0 0 0 0 0 0 0 -6 0 0 0 0 0 0 0 0 0
# 6 0 0 0 0 0 0 0 0 0 0 -6 0 0 0 0 0 0 0 0
# 0 6 0 0 0 0 0 0 0 0 -6 0 0 0 0 0 0 0 0 0
# 0 6 0 0 0 0 0 0 0 0 0 -6 0 0 0 0 0 0 0 0
# 0 0 0 0 0 0 -3 0 0 0 0 0 0 0 1 0 0 0 0 0
# 0 0 0 0 0 0 0 -3 0 0 0 0 0 0 1 0 0 0 0 0
# 0 0 0 0 0 0 -3 0 0 0 0 0 0 0 0 1 0 0 0 0
# 0 0 0 0 0 0 0 -3 0 0 0 0 0 0 0 1 0 0 0 0
# 0 0 0 0 0 0 0 0 0 0 0 0 0 0 0 0 -1 0 1 0
# 0 0 0 0 0 0 0 0 0 0 0 0 0 0 0 0 0 -1 1 0
# 0 0 0 0 0 0 0 0 0 0 0 0 0 0 0 0 -1 0 0 1
# 0 0 0 0 0 0 0 0 0 0 0 0 0 0 0 0 0 -1 0 1
# 0 0 0 0 0 0 0 0 0 0 0 0 0 0 1 0 0 0 -1 0
# 0 0 0 0 0 0 0 0 0 0 0 0 0 0 1 0 0 0 0 -1
# 0 0 0 0 0 0 0 0 0 0 0 0 0 0 0 1 0 0 -1 0
# 0 0 0 0 0 0 0 0 0 0 0 0 0 0 0 1 0 0 0 -1
# 6 0 0 0 0 0 -3 0 0 0 0 0 0 0 0 0 0 0 0 0
# 6 0 0 0 0 0 0 -3 0 0 0 0 0 0 0 0 0 0 0 0
# 0 6 0 0 0 0 -3 0 0 0 0 0 0 0 0 0 0 0 0 0
# 0 6 0 0 0 0 0 -3 0 0 0 0 0 0 0 0 0 0 0 0
# 0 0 0 0 2 0 0 0 0 0 0 0 -6 0 0 0 0 0 0 0
# 0 0 0 0 2 0 0 0 0 0 0 0 0 -6 0 0 0 0 0 0
# 0 0 0 0 0 2 0 0 0 0 0 0 -6 0 0 0 0 0 0 0
# 0 0 0 0 0 2 0 0 0 0 0 0 0 -6 0 0 0 0 0 0
# 0 0 1 0 0 0 0 0 0 0 0 0 -6 0 0 0 0 0 0 0
# 0 0 1 0 0 0 0 0 0 0 0 0 0 -6 0 0 0 0 0 0
# 0 0 0 1 0 0 0 0 0 0 0 0 -6 0 0 0 0 0 0 0
# 0 0 0 1 0 0 0 0 0 0 0 0 0 -6 0 0 0 0 0 0
# 0 0 -1 0 0 0 0 0 0 0 0 0 0 0 0 0 0 0 1 0
# 0 0 0 -1 0 0 0 0 0 0 0 0 0 0 0 0 0 0 1 0
# 0 0 -1 0 0 0 0 0 0 0 0 0 0 0 0 0 0 0 0 1
# 0 0 0 -1 0 0 0 0 0 0 0 0 0 0 0 0 0 0 0 1
