data;

param n := 19;

param p := 20;

param AG :
	1	2	3	4	5	6	7	8	9	10	11	12	13	14	15	16	17	18	19 :=
1	0	0	0	0	0	0	0	0	0	0	0	0	0	0	0	0	0	0	0
2	0	0	0	0	0	0	0	0	0	0	0	0	0	0	0	0	0	0	0
3	0	0	0	0	0	0	0	0	0	0	0	0	0	0	0	0	0	0	0
4	0	0	0	0	0	0	0	0	0	0	0	0	0	0	0	0	0	0	0
5	0	0	0	0	0	0	0	0	0	0	0	0	0	0	0	0	0	0	0
6	0	0	0	0	0	0	0	0	0	0	0	0	0	0	0	0	0	0	0
7	0	0	0	0	0	0	0	0	0	0	0	0	0	0	0	0	0	0	0
8	0	0	0	0	0	0	0	0	0	0	0	0	0	0	0	0	0	0	0
9	0	0	0	0	0	0	0	0	0	0	0	0	0	0	0	0	0	0	0
10	0	0	0	0	0	0	0	0	0	0	0	0	0	0	0	0	0	0	0
11	0	0	0	0	0	0	0	0	0	0	0	0	0	0	0	0	0	0	0
12	0	0	0	0	0	0	0	0	0	0	0	0	0	0	0	0	0	0	0
13	0	0	0	0	0	0	0	0	0	0	0	0	0	0	0	0	0	0	0
14	0	0	0	0	0	0	0	0	0	0	0	0	0	0	0	0	0	0	0
15	0	0	0	0	0	0	0	0	0	0	0	0	0	0	0	0	0	0	0
16	0	0	0	0	0	0	0	0	0	0	0	0	0	0	0	0	0	0	0
17	0	0	0	0	0	0	0	0	0	0	0	0	0	0	0	0	0	0	0
18	0	0	0	0	0	0	0	0	0	0	0	0	0	0	0	0	0	0	0
19	0	0	0	0	0	0	0	0	0	0	0	0	0	0	0	0	0	0	0
;

param PI :
	1	2	3	4	5	6	7	8	9	10	11	12	13	14	15	16	17	18	19	20 :=
1	2.975	3.0841	3.0645	3.0645	3.36	3.2509	3.1555	3.15	3.2645	3.0591	3.0645	3.0545	2.9705	3.0759	2.985	3.0659	3.185	3.15	3.0591	2.975
2	3.005	3.0873	3.1318	3.1318	3.39	3.3027	3.2045	3.18	3.2918	3.1073	3.1318	3.0818	2.9795	3.1227	3.05	3.0777	3.21	3.18	3.1073	3.005
3	2.195	2.2414	2.2509	2.2509	2.46	2.3891	2.31	2.3155	2.3809	2.2564	2.2509	2.2364	2.175	2.2441	2.185	2.2541	2.315	2.3155	2.2564	2.195
4	3.25	3.3095	3.3023	3.3023	3.63	3.5182	3.3955	3.4227	3.5073	3.3295	3.3023	3.3	3.2205	3.2932	3.2	3.3432	3.405	3.4227	3.3295	3.25
5	3.365	3.4145	3.4091	3.4091	3.75	3.6355	3.5045	3.54	3.6191	3.4445	3.4091	3.4091	3.3295	3.3955	3.3	3.4605	3.51	3.54	3.4445	3.365
6	3.265	3.3055	3.2891	3.2891	3.63	3.5155	3.3845	3.4309	3.4991	3.3355	3.2891	3.3	3.2295	3.2755	3.18	3.3605	3.39	3.4309	3.3355	3.265
7	2.55	2.7141	2.6118	2.6118	2.91	2.7845	2.7164	2.7136	2.8418	2.6091	2.6118	2.6455	2.5864	2.6595	2.555	2.6545	2.785	2.7136	2.6091	2.55
8	2.91	2.9482	2.9455	2.9455	3.24	3.1418	3.0273	3.06	3.1255	2.9782	2.9455	2.9455	2.8773	2.9318	2.85	2.9918	3.03	3.06	2.9782	2.91
9	2.495	2.5191	2.5873	2.5873	2.79	2.73	2.6373	2.6291	2.6973	2.5791	2.5873	2.5364	2.4523	2.56	2.51	2.545	2.62	2.6291	2.5791	2.495
10	2.055	2.1532	2.1477	2.1477	2.34	2.2664	2.2091	2.1845	2.2827	2.1232	2.1477	2.1273	2.0591	2.1614	2.1	2.1164	2.235	2.1845	2.1232	2.055
11	2.875	2.9864	3.0382	3.0382	3.27	3.1882	3.1064	3.0545	3.1882	2.9864	3.0382	2.9727	2.8614	3.0382	2.97	2.9432	3.12	3.0545	2.9864	2.875
12	1.905	1.9705	2.0027	2.0027	2.16	2.1055	2.0482	2.0209	2.1027	1.9755	2.0027	1.9636	1.8932	2.0005	1.955	1.9505	2.055	2.0209	1.9755	1.905
13	2.955	2.9745	2.9495	2.9495	3.27	3.1636	3.0382	3.0982	3.1445	3.0095	2.9495	2.9727	2.9182	2.9336	2.845	3.0436	3.04	3.0982	3.0095	2.955
14	3.43	3.4955	3.5145	3.5145	3.84	3.7309	3.6055	3.6164	3.7145	3.5255	3.5145	3.4909	3.3955	3.5009	3.41	3.5209	3.61	3.6164	3.5255	3.43
15	3.3	3.3668	3.3573	3.3573	3.69	3.5755	3.4527	3.4773	3.5673	3.3818	3.3573	3.3545	3.2727	3.3505	3.255	3.3955	3.465	3.4773	3.3818	3.3
16	2.235	2.3555	2.33	2.33	2.55	2.4627	2.4027	2.3782	2.49	2.3055	2.33	2.3182	2.2477	2.3527	2.28	2.3077	2.44	2.3782	2.3055	2.235
17	2.385	2.56	2.435	2.435	2.73	2.6018	2.5418	2.5418	2.67	2.435	2.435	2.4818	2.4318	2.4918	2.385	2.4918	2.62	2.5418	2.435	2.385
18	1.955	1.9864	2.0191	2.0191	2.19	2.1355	2.0645	2.0618	2.1191	2.0164	2.0191	1.9909	1.9295	2.0055	1.96	2.0005	2.06	2.0618	2.0164	1.955
19	2.795	2.8155	2.775	2.775	3.09	2.9836	2.8636	2.9291	2.97	2.8405	2.775	2.8091	2.7636	2.7636	2.675	2.8836	2.87	2.9291	2.8405	2.795
;

param CA :
	1	2	3	4	5	6	7	8	9	10	11	12	13	14	15	16	17	18	19 :=
1	0.0	0.0	1.0	0.0	0.0	0.0	0.0	0.0	0.0	0.0	0.0	0.0	0.0	1.0	0.0	0.0	0.0	0.0	0.0
2	0.0	0.0	0.0	0.0	0.0	0.0	0.0	0.0	0.0	0.0	0.0	0.0	0.0	1.0	0.0	0.0	0.0	0.0	0.0
3	1.0	0.0	0.0	0.0	0.0	0.0	0.0	0.0	0.0	0.0	0.0	0.0	0.0	0.0	0.0	0.0	0.0	0.0	0.0
4	0.0	0.0	0.0	0.0	0.0	0.0	0.0	0.0	0.0	0.0	0.0	0.0	0.0	0.0	0.0	0.0	0.0	1.0	0.0
5	0.0	0.0	0.0	0.0	0.0	1.0	0.0	1.0	0.0	0.0	0.0	0.0	0.0	0.0	0.0	1.0	0.0	0.0	0.0
6	0.0	0.0	0.0	0.0	1.0	0.0	0.0	0.0	0.0	1.0	0.0	0.0	0.0	0.0	0.0	0.0	0.0	1.0	0.0
7	0.0	0.0	0.0	0.0	0.0	0.0	0.0	0.0	0.0	0.0	0.0	0.0	0.0	0.0	0.0	0.0	0.0	0.0	1.0
8	0.0	0.0	0.0	0.0	1.0	0.0	0.0	0.0	0.0	0.0	0.0	1.0	0.0	0.0	0.0	0.0	0.0	0.0	0.0
9	0.0	0.0	0.0	0.0	0.0	0.0	0.0	0.0	0.0	0.0	0.0	0.0	0.0	0.0	0.0	0.0	1.0	0.0	0.0
10	0.0	0.0	0.0	0.0	0.0	1.0	0.0	0.0	0.0	0.0	0.0	0.0	1.0	0.0	0.0	0.0	1.0	0.0	2.0
11	0.0	0.0	0.0	0.0	0.0	0.0	0.0	0.0	0.0	0.0	0.0	0.0	1.0	1.0	0.0	0.0	0.0	0.0	0.0
12	0.0	0.0	0.0	0.0	0.0	0.0	0.0	1.0	0.0	0.0	0.0	0.0	0.0	0.0	0.0	0.0	0.0	0.0	0.0
13	0.0	0.0	0.0	0.0	0.0	0.0	0.0	0.0	0.0	1.0	1.0	0.0	0.0	0.0	0.0	0.0	0.0	0.0	0.0
14	1.0	1.0	0.0	0.0	0.0	0.0	0.0	0.0	0.0	0.0	1.0	0.0	0.0	0.0	1.0	0.0	0.0	0.0	0.0
15	0.0	0.0	0.0	0.0	0.0	0.0	0.0	0.0	0.0	0.0	0.0	0.0	0.0	1.0	0.0	0.0	0.0	0.0	0.0
16	0.0	0.0	0.0	0.0	1.0	0.0	0.0	0.0	0.0	0.0	0.0	0.0	0.0	0.0	0.0	0.0	0.0	0.0	0.0
17	0.0	0.0	0.0	0.0	0.0	0.0	0.0	0.0	1.0	1.0	0.0	0.0	0.0	0.0	0.0	0.0	0.0	0.0	0.0
18	0.0	0.0	0.0	1.0	0.0	1.0	0.0	0.0	0.0	0.0	0.0	0.0	0.0	0.0	0.0	0.0	0.0	0.0	0.0
19	0.0	0.0	0.0	0.0	0.0	0.0	1.0	0.0	0.0	2.0	0.0	0.0	0.0	0.0	0.0	0.0	0.0	0.0	0.0
;

param CP :
	1	2	3	4	5	6	7	8	9	10	11	12	13	14	15	16	17	18	19	20 :=
1	0.0	1.4875	1.2727	1.8439	1.0773	1.4225	1.6377	1.7854	1.6506	1.115	1.4504	1.7315	1.0557	1.2189	1.0327	1.8251	1.8673	1.713	1.3634	1.5906
2	1.4875	0.0	1.8744	1.9129	1.4272	1.481	1.8642	1.6598	1.6763	1.7101	1.9316	1.8169	1.99	1.6977	1.6037	1.7228	1.5426	1.301	1.7372	1.6868
3	1.2727	1.8744	0.0	1.2706	1.9791	1.3132	1.9936	1.0464	1.0074	1.9791	1.1471	1.0925	1.9065	1.6906	1.0917	1.8592	1.1661	1.4973	1.8045	1.501
4	1.8439	1.9129	1.2706	0.0	1.0154	1.3057	1.4173	1.8512	1.3739	1.6772	1.5341	1.0271	1.0796	1.1303	1.9993	1.2328	1.8771	1.4808	1.6242	1.3615
5	1.0773	1.4272	1.9791	1.0154	0.0	1.759	1.9723	1.0389	1.9671	1.7126	1.4701	1.1178	1.1129	1.6426	1.2937	1.4321	1.7795	1.3564	1.0728	1.5707
6	1.4225	1.481	1.3132	1.3057	1.759	0.0	1.0156	1.6424	1.1321	1.4592	1.3133	1.1769	1.7802	1.7543	1.7214	1.0404	1.4287	1.0236	1.5175	1.602
7	1.6377	1.8642	1.9936	1.4173	1.9723	1.0156	0.0	1.5167	1.9204	1.0802	1.9801	1.1776	1.9437	1.2056	1.8796	1.9343	1.5105	1.1196	1.5403	1.2591
8	1.7854	1.6598	1.0464	1.8512	1.0389	1.6424	1.5167	0.0	1.4639	1.0303	1.6227	1.3442	1.0581	1.0108	1.7386	1.7504	1.9095	1.9737	1.1695	1.5731
9	1.6506	1.6763	1.0074	1.3739	1.9671	1.1321	1.9204	1.4639	0.0	1.4606	1.9504	1.7158	1.9141	1.7426	1.3745	1.7021	1.8231	1.0096	1.9794	1.1398
10	1.115	1.7101	1.9791	1.6772	1.7126	1.4592	1.0802	1.0303	1.4606	0.0	1.8542	1.0779	1.1858	1.2993	1.7194	1.8808	1.4967	1.5493	1.0248	1.3778
11	1.4504	1.9316	1.1471	1.5341	1.4701	1.3133	1.9801	1.6227	1.9504	1.8542	0.0	1.9088	1.8865	1.6584	1.1577	1.5089	1.7019	1.2873	1.0586	1.6827
12	1.7315	1.8169	1.0925	1.0271	1.1178	1.1769	1.1776	1.3442	1.7158	1.0779	1.9088	0.0	1.6754	1.434	1.9784	1.6854	1.1321	1.4457	1.9043	1.9321
13	1.0557	1.99	1.9065	1.0796	1.1129	1.7802	1.9437	1.0581	1.9141	1.1858	1.8865	1.6754	0.0	1.1691	1.0208	1.3545	1.2394	1.9807	1.1271	1.4856
14	1.2189	1.6977	1.6906	1.1303	1.6426	1.7543	1.2056	1.0108	1.7426	1.2993	1.6584	1.434	1.1691	0.0	1.3347	1.3241	1.2728	1.7191	1.5134	1.68
15	1.0327	1.6037	1.0917	1.9993	1.2937	1.7214	1.8796	1.7386	1.3745	1.7194	1.1577	1.9784	1.0208	1.3347	0.0	1.5668	1.3387	1.0706	1.1885	1.3878
16	1.8251	1.7228	1.8592	1.2328	1.4321	1.0404	1.9343	1.7504	1.7021	1.8808	1.5089	1.6854	1.3545	1.3241	1.5668	0.0	1.5238	1.7158	1.8443	1.0022
17	1.8673	1.5426	1.1661	1.8771	1.7795	1.4287	1.5105	1.9095	1.8231	1.4967	1.7019	1.1321	1.2394	1.2728	1.3387	1.5238	0.0	1.7012	1.1359	1.6468
18	1.713	1.301	1.4973	1.4808	1.3564	1.0236	1.1196	1.9737	1.0096	1.5493	1.2873	1.4457	1.9807	1.7191	1.0706	1.7158	1.7012	0.0	1.5426	1.0048
19	1.3634	1.7372	1.8045	1.6242	1.0728	1.5175	1.5403	1.1695	1.9794	1.0248	1.0586	1.9043	1.1271	1.5134	1.1885	1.8443	1.1359	1.5426	0.0	1.8104
20	1.5906	1.6868	1.501	1.3615	1.5707	1.602	1.2591	1.5731	1.1398	1.3778	1.6827	1.9321	1.4856	1.68	1.3878	1.0022	1.6468	1.0048	1.8104	0.0
;

# Dups: 1

# Chans: 19

# Actor Affinities
# 35 37 40
# 36 45 32
# 29 27 26
# 45 35 41
# 48 35 42
# 48 31 42
# 25 26 46
# 42 30 36
# 34 37 22
# 21 30 27
# 30 49 30
# 21 31 20
# 46 24 39
# 46 42 40
# 45 36 42
# 22 31 32
# 22 22 47
# 26 27 20
# 44 20 39

# Processor Affinities
# 10 12 12
# 12 11 10
# 11 10 12
# 11 10 12
# 10 10 10
# 10 10 11
# 11 10 11
# 10 11 11
# 11 10 10
# 10 11 12
# 11 10 12
# 11 11 11
# 11 12 11
# 12 10 11
# 12 10 12
# 10 12 11
# 12 10 10
# 10 11 11
# 10 11 12
# 10 12 12

# Topology
# 0 0 0 0 1 -1 0 0 0 0 0 0 0 0 0 0 0 0 0
# 1 0 0 0 0 0 0 0 0 0 0 0 0 -1 0 0 0 0 0
# 0 0 0 0 0 -1 0 0 0 0 0 0 0 0 0 0 0 1 0
# 0 0 0 0 -1 0 0 0 0 0 0 0 0 0 0 1 0 0 0
# 0 0 0 0 0 0 0 0 0 1 0 0 0 0 0 0 -1 0 0
# 0 0 0 0 0 0 0 0 0 1 0 0 -1 0 0 0 0 0 0
# 0 0 0 0 0 0 0 0 0 0 0 0 0 -1 1 0 0 0 0
# 1 0 -1 0 0 0 0 0 0 0 0 0 0 0 0 0 0 0 0
# 0 0 0 0 0 0 0 0 1 0 0 0 0 0 0 0 -1 0 0
# 0 0 0 0 0 0 0 0 0 0 -1 0 0 1 0 0 0 0 0
# 0 0 0 0 0 0 0 1 0 0 0 -1 0 0 0 0 0 0 0
# 0 0 0 0 0 -1 0 0 0 1 0 0 0 0 0 0 0 0 0
# 0 0 0 0 0 0 0 0 0 1 0 0 0 0 0 0 0 0 -1
# 0 0 0 0 0 0 0 0 0 1 0 0 0 0 0 0 0 0 -1
# 0 0 0 -1 0 0 0 0 0 0 0 0 0 0 0 0 0 1 0
# 0 0 0 0 0 0 1 0 0 0 0 0 0 0 0 0 0 0 -1
# 0 0 0 0 -1 0 0 1 0 0 0 0 0 0 0 0 0 0 0
# 0 0 0 0 0 0 0 0 0 0 1 0 -1 0 0 0 0 0 0
# 0 -1 0 0 0 0 0 0 0 0 0 0 0 1 0 0 0 0 0
