data;

param n := 27;

param p := 20;

param AG :
	1	2	3	4	5	6	7	8	9	10	11	12	13	14	15	16	17	18	19	20	21	22	23	24	25	26	27 :=
1	0	1	1	0	0	0	0	0	0	0	0	0	0	0	0	0	0	0	0	0	0	0	0	0	0	0	0
2	1	0	1	0	0	0	0	0	0	0	0	0	0	0	0	0	0	0	0	0	0	0	0	0	0	0	0
3	1	1	0	0	0	0	0	0	0	0	0	0	0	0	0	0	0	0	0	0	0	0	0	0	0	0	0
4	0	0	0	0	1	1	0	0	0	0	0	0	0	0	0	0	0	0	0	0	0	0	0	0	0	0	0
5	0	0	0	1	0	1	0	0	0	0	0	0	0	0	0	0	0	0	0	0	0	0	0	0	0	0	0
6	0	0	0	1	1	0	0	0	0	0	0	0	0	0	0	0	0	0	0	0	0	0	0	0	0	0	0
7	0	0	0	0	0	0	0	1	1	0	0	0	0	0	0	0	0	0	0	0	0	0	0	0	0	0	0
8	0	0	0	0	0	0	1	0	1	0	0	0	0	0	0	0	0	0	0	0	0	0	0	0	0	0	0
9	0	0	0	0	0	0	1	1	0	0	0	0	0	0	0	0	0	0	0	0	0	0	0	0	0	0	0
10	0	0	0	0	0	0	0	0	0	0	1	1	0	0	0	0	0	0	0	0	0	0	0	0	0	0	0
11	0	0	0	0	0	0	0	0	0	1	0	1	0	0	0	0	0	0	0	0	0	0	0	0	0	0	0
12	0	0	0	0	0	0	0	0	0	1	1	0	0	0	0	0	0	0	0	0	0	0	0	0	0	0	0
13	0	0	0	0	0	0	0	0	0	0	0	0	0	1	1	0	0	0	0	0	0	0	0	0	0	0	0
14	0	0	0	0	0	0	0	0	0	0	0	0	1	0	1	0	0	0	0	0	0	0	0	0	0	0	0
15	0	0	0	0	0	0	0	0	0	0	0	0	1	1	0	0	0	0	0	0	0	0	0	0	0	0	0
16	0	0	0	0	0	0	0	0	0	0	0	0	0	0	0	0	1	1	0	0	0	0	0	0	0	0	0
17	0	0	0	0	0	0	0	0	0	0	0	0	0	0	0	1	0	1	0	0	0	0	0	0	0	0	0
18	0	0	0	0	0	0	0	0	0	0	0	0	0	0	0	1	1	0	0	0	0	0	0	0	0	0	0
19	0	0	0	0	0	0	0	0	0	0	0	0	0	0	0	0	0	0	0	1	1	0	0	0	0	0	0
20	0	0	0	0	0	0	0	0	0	0	0	0	0	0	0	0	0	0	1	0	1	0	0	0	0	0	0
21	0	0	0	0	0	0	0	0	0	0	0	0	0	0	0	0	0	0	1	1	0	0	0	0	0	0	0
22	0	0	0	0	0	0	0	0	0	0	0	0	0	0	0	0	0	0	0	0	0	0	1	1	0	0	0
23	0	0	0	0	0	0	0	0	0	0	0	0	0	0	0	0	0	0	0	0	0	1	0	1	0	0	0
24	0	0	0	0	0	0	0	0	0	0	0	0	0	0	0	0	0	0	0	0	0	1	1	0	0	0	0
25	0	0	0	0	0	0	0	0	0	0	0	0	0	0	0	0	0	0	0	0	0	0	0	0	0	1	1
26	0	0	0	0	0	0	0	0	0	0	0	0	0	0	0	0	0	0	0	0	0	0	0	0	1	0	1
27	0	0	0	0	0	0	0	0	0	0	0	0	0	0	0	0	0	0	0	0	0	0	0	0	1	1	0
;

param PI :
	1	2	3	4	5	6	7	8	9	10	11	12	13	14	15	16	17	18	19	20 :=
1	3.3464	3.1568	3.185	3.185	3.2182	3.2182	3.3464	3.3464	3.185	3.2768	3.2768	3.4118	3.4118	3.4118	3.0114	3.1568	3.1918	3.405	3.0568	3.1568
2	3.3464	3.1568	3.185	3.185	3.2182	3.2182	3.3464	3.3464	3.185	3.2768	3.2768	3.4118	3.4118	3.4118	3.0114	3.1568	3.1918	3.405	3.0568	3.1568
3	3.3464	3.1568	3.185	3.185	3.2182	3.2182	3.3464	3.3464	3.185	3.2768	3.2768	3.4118	3.4118	3.4118	3.0114	3.1568	3.1918	3.405	3.0568	3.1568
4	3.3682	3.175	3.175	3.3105	3.2727	3.2727	3.3682	3.3682	3.175	3.2895	3.2895	3.5045	3.5045	3.5045	3.0977	3.175	3.2945	3.385	3.0795	3.175
5	3.3682	3.175	3.175	3.3105	3.2727	3.2727	3.3682	3.3682	3.175	3.2895	3.2895	3.5045	3.5045	3.5045	3.0977	3.175	3.2945	3.385	3.0795	3.175
6	3.3682	3.175	3.175	3.3105	3.2727	3.2727	3.3682	3.3682	3.175	3.2895	3.2895	3.5045	3.5045	3.5045	3.0977	3.175	3.2945	3.385	3.0795	3.175
7	2.8827	2.7045	2.71	2.8732	2.8091	2.8091	2.8827	2.8827	2.71	2.7864	2.7864	3.0164	3.0164	3.0164	2.6795	2.7045	2.8664	2.86	2.6364	2.7045
8	2.8827	2.7045	2.71	2.8732	2.8091	2.8091	2.8827	2.8827	2.71	2.7864	2.7864	3.0164	3.0164	3.0164	2.6795	2.7045	2.8664	2.86	2.6364	2.7045
9	2.8827	2.7045	2.71	2.8732	2.8091	2.8091	2.8827	2.8827	2.71	2.7864	2.7864	3.0164	3.0164	3.0164	2.6795	2.7045	2.8664	2.86	2.6364	2.7045
10	2.8336	2.6591	2.67	2.8032	2.7545	2.7545	2.8336	2.8336	2.67	2.7409	2.7409	2.9509	2.9509	2.9509	2.6205	2.6591	2.8009	2.82	2.5909	2.6591
11	2.8336	2.6591	2.67	2.8032	2.7545	2.7545	2.8336	2.8336	2.67	2.7409	2.7409	2.9509	2.9509	2.9509	2.6205	2.6591	2.8009	2.82	2.5909	2.6591
12	2.8336	2.6591	2.67	2.8032	2.7545	2.7545	2.8336	2.8336	2.67	2.7409	2.7409	2.9509	2.9509	2.9509	2.6205	2.6591	2.8009	2.82	2.5909	2.6591
13	3.3491	3.1523	3.165	3.2709	3.2455	3.2455	3.3491	3.3491	3.165	3.2614	3.2614	3.4664	3.4664	3.4664	3.0682	3.1523	3.2664	3.365	3.0614	3.1523
14	3.3491	3.1523	3.165	3.2709	3.2455	3.2455	3.3491	3.3491	3.165	3.2614	3.2614	3.4664	3.4664	3.4664	3.0682	3.1523	3.2664	3.365	3.0614	3.1523
15	3.3491	3.1523	3.165	3.2709	3.2455	3.2455	3.3491	3.3491	3.165	3.2614	3.2614	3.4664	3.4664	3.4664	3.0682	3.1523	3.2664	3.365	3.0614	3.1523
16	2.8009	2.6477	2.635	2.7614	2.7273	2.7273	2.8009	2.8009	2.635	2.7514	2.7514	2.9264	2.9264	2.9264	2.5795	2.6477	2.7364	2.825	2.5614	2.6477
17	2.8009	2.6477	2.635	2.7614	2.7273	2.7273	2.8009	2.8009	2.635	2.7514	2.7514	2.9264	2.9264	2.9264	2.5795	2.6477	2.7364	2.825	2.5614	2.6477
18	2.8009	2.6477	2.635	2.7614	2.7273	2.7273	2.8009	2.8009	2.635	2.7514	2.7514	2.9264	2.9264	2.9264	2.5795	2.6477	2.7364	2.825	2.5614	2.6477
19	3.2209	3.0273	3.055	3.1141	3.1091	3.1091	3.2209	3.2209	3.055	3.1282	3.1282	3.3082	3.3082	3.3082	2.9318	3.0273	3.1232	3.24	2.9432	3.0273
20	3.2209	3.0273	3.055	3.1141	3.1091	3.1091	3.2209	3.2209	3.055	3.1282	3.1282	3.3082	3.3082	3.3082	2.9318	3.0273	3.1232	3.24	2.9432	3.0273
21	3.2209	3.0273	3.055	3.1141	3.1091	3.1091	3.2209	3.2209	3.055	3.1282	3.1282	3.3082	3.3082	3.3082	2.9318	3.0273	3.1232	3.24	2.9432	3.0273
22	3.3873	3.1932	3.21	3.2727	3.2727	3.2727	3.3873	3.3873	3.21	3.3105	3.3105	3.4855	3.4855	3.4855	3.0795	3.1932	3.2705	3.425	3.0955	3.1932
23	3.3873	3.1932	3.21	3.2727	3.2727	3.2727	3.3873	3.3873	3.21	3.3105	3.3105	3.4855	3.4855	3.4855	3.0795	3.1932	3.2705	3.425	3.0955	3.1932
24	3.3873	3.1932	3.21	3.2727	3.2727	3.2727	3.3873	3.3873	3.21	3.3105	3.3105	3.4855	3.4855	3.4855	3.0795	3.1932	3.2705	3.425	3.0955	3.1932
25	2.6673	2.4977	2.54	2.5564	2.5636	2.5636	2.6673	2.6673	2.54	2.5714	2.5714	2.7164	2.7164	2.7164	2.4159	2.4977	2.5814	2.675	2.4364	2.4977
26	2.6673	2.4977	2.54	2.5564	2.5636	2.5636	2.6673	2.6673	2.54	2.5714	2.5714	2.7164	2.7164	2.7164	2.4159	2.4977	2.5814	2.675	2.4364	2.4977
27	2.6673	2.4977	2.54	2.5564	2.5636	2.5636	2.6673	2.6673	2.54	2.5714	2.5714	2.7164	2.7164	2.7164	2.4159	2.4977	2.5814	2.675	2.4364	2.4977
;

param CA :
	1	2	3	4	5	6	7	8	9	10	11	12	13	14	15	16	17	18	19	20	21	22	23	24	25	26	27 :=
1	0.0	0.0	0.0	0.0	0.0	0.0	0.0	0.0	0.0	0.0	0.0	0.0	1.0	1.0	1.0	0.0	0.0	0.0	0.0	0.0	0.0	0.0	0.0	0.0	0.0	0.0	0.0
2	0.0	0.0	0.0	0.0	0.0	0.0	0.0	0.0	0.0	0.0	0.0	0.0	1.0	1.0	1.0	0.0	0.0	0.0	0.0	0.0	0.0	0.0	0.0	0.0	0.0	0.0	0.0
3	0.0	0.0	0.0	0.0	0.0	0.0	0.0	0.0	0.0	0.0	0.0	0.0	1.0	1.0	1.0	0.0	0.0	0.0	0.0	0.0	0.0	0.0	0.0	0.0	0.0	0.0	0.0
4	0.0	0.0	0.0	0.0	0.0	0.0	0.0	0.0	0.0	0.0	0.0	0.0	1.0	1.0	1.0	0.0	0.0	0.0	0.0	0.0	0.0	0.0	0.0	0.0	0.0	0.0	0.0
5	0.0	0.0	0.0	0.0	0.0	0.0	0.0	0.0	0.0	0.0	0.0	0.0	1.0	1.0	1.0	0.0	0.0	0.0	0.0	0.0	0.0	0.0	0.0	0.0	0.0	0.0	0.0
6	0.0	0.0	0.0	0.0	0.0	0.0	0.0	0.0	0.0	0.0	0.0	0.0	1.0	1.0	1.0	0.0	0.0	0.0	0.0	0.0	0.0	0.0	0.0	0.0	0.0	0.0	0.0
7	0.0	0.0	0.0	0.0	0.0	0.0	0.0	0.0	0.0	1.0	1.0	1.0	0.0	0.0	0.0	1.0	1.0	1.0	0.0	0.0	0.0	0.0	0.0	0.0	0.0	0.0	0.0
8	0.0	0.0	0.0	0.0	0.0	0.0	0.0	0.0	0.0	1.0	1.0	1.0	0.0	0.0	0.0	1.0	1.0	1.0	0.0	0.0	0.0	0.0	0.0	0.0	0.0	0.0	0.0
9	0.0	0.0	0.0	0.0	0.0	0.0	0.0	0.0	0.0	1.0	1.0	1.0	0.0	0.0	0.0	1.0	1.0	1.0	0.0	0.0	0.0	0.0	0.0	0.0	0.0	0.0	0.0
10	0.0	0.0	0.0	0.0	0.0	0.0	1.0	1.0	1.0	0.0	0.0	0.0	1.0	1.0	1.0	0.0	0.0	0.0	0.0	0.0	0.0	1.0	1.0	1.0	0.0	0.0	0.0
11	0.0	0.0	0.0	0.0	0.0	0.0	1.0	1.0	1.0	0.0	0.0	0.0	1.0	1.0	1.0	0.0	0.0	0.0	0.0	0.0	0.0	1.0	1.0	1.0	0.0	0.0	0.0
12	0.0	0.0	0.0	0.0	0.0	0.0	1.0	1.0	1.0	0.0	0.0	0.0	1.0	1.0	1.0	0.0	0.0	0.0	0.0	0.0	0.0	1.0	1.0	1.0	0.0	0.0	0.0
13	1.0	1.0	1.0	1.0	1.0	1.0	0.0	0.0	0.0	1.0	1.0	1.0	0.0	0.0	0.0	0.0	0.0	0.0	0.0	0.0	0.0	0.0	0.0	0.0	0.0	0.0	0.0
14	1.0	1.0	1.0	1.0	1.0	1.0	0.0	0.0	0.0	1.0	1.0	1.0	0.0	0.0	0.0	0.0	0.0	0.0	0.0	0.0	0.0	0.0	0.0	0.0	0.0	0.0	0.0
15	1.0	1.0	1.0	1.0	1.0	1.0	0.0	0.0	0.0	1.0	1.0	1.0	0.0	0.0	0.0	0.0	0.0	0.0	0.0	0.0	0.0	0.0	0.0	0.0	0.0	0.0	0.0
16	0.0	0.0	0.0	0.0	0.0	0.0	1.0	1.0	1.0	0.0	0.0	0.0	0.0	0.0	0.0	0.0	0.0	0.0	1.0	1.0	1.0	0.0	0.0	0.0	1.0	1.0	1.0
17	0.0	0.0	0.0	0.0	0.0	0.0	1.0	1.0	1.0	0.0	0.0	0.0	0.0	0.0	0.0	0.0	0.0	0.0	1.0	1.0	1.0	0.0	0.0	0.0	1.0	1.0	1.0
18	0.0	0.0	0.0	0.0	0.0	0.0	1.0	1.0	1.0	0.0	0.0	0.0	0.0	0.0	0.0	0.0	0.0	0.0	1.0	1.0	1.0	0.0	0.0	0.0	1.0	1.0	1.0
19	0.0	0.0	0.0	0.0	0.0	0.0	0.0	0.0	0.0	0.0	0.0	0.0	0.0	0.0	0.0	1.0	1.0	1.0	0.0	0.0	0.0	0.0	0.0	0.0	1.0	1.0	1.0
20	0.0	0.0	0.0	0.0	0.0	0.0	0.0	0.0	0.0	0.0	0.0	0.0	0.0	0.0	0.0	1.0	1.0	1.0	0.0	0.0	0.0	0.0	0.0	0.0	1.0	1.0	1.0
21	0.0	0.0	0.0	0.0	0.0	0.0	0.0	0.0	0.0	0.0	0.0	0.0	0.0	0.0	0.0	1.0	1.0	1.0	0.0	0.0	0.0	0.0	0.0	0.0	1.0	1.0	1.0
22	0.0	0.0	0.0	0.0	0.0	0.0	0.0	0.0	0.0	1.0	1.0	1.0	0.0	0.0	0.0	0.0	0.0	0.0	0.0	0.0	0.0	0.0	0.0	0.0	0.0	0.0	0.0
23	0.0	0.0	0.0	0.0	0.0	0.0	0.0	0.0	0.0	1.0	1.0	1.0	0.0	0.0	0.0	0.0	0.0	0.0	0.0	0.0	0.0	0.0	0.0	0.0	0.0	0.0	0.0
24	0.0	0.0	0.0	0.0	0.0	0.0	0.0	0.0	0.0	1.0	1.0	1.0	0.0	0.0	0.0	0.0	0.0	0.0	0.0	0.0	0.0	0.0	0.0	0.0	0.0	0.0	0.0
25	0.0	0.0	0.0	0.0	0.0	0.0	0.0	0.0	0.0	0.0	0.0	0.0	0.0	0.0	0.0	1.0	1.0	1.0	1.0	1.0	1.0	0.0	0.0	0.0	0.0	0.0	0.0
26	0.0	0.0	0.0	0.0	0.0	0.0	0.0	0.0	0.0	0.0	0.0	0.0	0.0	0.0	0.0	1.0	1.0	1.0	1.0	1.0	1.0	0.0	0.0	0.0	0.0	0.0	0.0
27	0.0	0.0	0.0	0.0	0.0	0.0	0.0	0.0	0.0	0.0	0.0	0.0	0.0	0.0	0.0	1.0	1.0	1.0	1.0	1.0	1.0	0.0	0.0	0.0	0.0	0.0	0.0
;

param CP :
	1	2	3	4	5	6	7	8	9	10	11	12	13	14	15	16	17	18	19	20 :=
1	0.0	1.2603	1.8297	1.5357	1.8192	1.4894	1.9527	1.0694	1.7128	1.5164	1.1719	1.3864	1.8301	1.9144	1.1956	1.0225	1.0724	1.5021	1.0796	1.4192
2	1.2603	0.0	1.4876	1.7296	1.728	1.5117	1.9784	1.4005	1.8478	1.0101	1.2048	1.9569	1.7937	1.1627	1.6588	1.2703	1.6724	1.4315	1.0987	1.8864
3	1.8297	1.4876	0.0	1.8599	1.037	1.0171	1.0668	1.1754	1.8912	1.9882	1.0229	1.6687	1.4549	1.5015	1.0102	1.3212	1.7236	1.4621	1.3129	1.9963
4	1.5357	1.7296	1.8599	0.0	1.6621	1.9634	1.502	1.577	1.3142	1.8325	1.993	1.2565	1.2846	1.6426	1.4816	1.247	1.8865	1.0508	1.2003	1.0427
5	1.8192	1.728	1.037	1.6621	0.0	1.188	1.1753	1.9861	1.7341	1.6869	1.6521	1.7983	1.8894	1.2817	1.9468	1.1754	1.9945	1.5231	1.8882	1.6849
6	1.4894	1.5117	1.0171	1.9634	1.188	0.0	1.0128	1.2638	1.6421	1.6432	1.8357	1.5845	1.9926	1.3036	1.5424	1.0434	1.4821	1.2805	1.1187	1.7594
7	1.9527	1.9784	1.0668	1.502	1.1753	1.0128	0.0	1.4234	1.8679	1.2698	1.5045	1.3437	1.0269	1.761	1.3202	1.3059	1.2386	1.7164	1.6592	1.8898
8	1.0694	1.4005	1.1754	1.577	1.9861	1.2638	1.4234	0.0	1.4944	1.0293	1.6676	1.0222	1.8544	1.0616	1.3426	1.9887	1.5944	1.3035	1.152	1.0737
9	1.7128	1.8478	1.8912	1.3142	1.7341	1.6421	1.8679	1.4944	0.0	1.4774	1.8489	1.9746	1.5022	1.5638	1.2473	1.9079	1.2395	1.3811	1.1389	1.1819
10	1.5164	1.0101	1.9882	1.8325	1.6869	1.6432	1.2698	1.0293	1.4774	0.0	1.5618	1.3743	1.2248	1.093	1.9514	1.034	1.1851	1.2199	1.495	1.9142
11	1.1719	1.2048	1.0229	1.993	1.6521	1.8357	1.5045	1.6676	1.8489	1.5618	0.0	1.7848	1.6168	1.9984	1.3209	1.1618	1.9481	1.1942	1.323	1.6655
12	1.3864	1.9569	1.6687	1.2565	1.7983	1.5845	1.3437	1.0222	1.9746	1.3743	1.7848	0.0	1.3773	1.0869	1.4622	1.1475	1.7022	1.8834	1.2411	1.4734
13	1.8301	1.7937	1.4549	1.2846	1.8894	1.9926	1.0269	1.8544	1.5022	1.2248	1.6168	1.3773	0.0	1.1646	1.8364	1.2685	1.0487	1.3264	1.6829	1.3952
14	1.9144	1.1627	1.5015	1.6426	1.2817	1.3036	1.761	1.0616	1.5638	1.093	1.9984	1.0869	1.1646	0.0	1.2445	1.3223	1.7826	1.447	1.6055	1.1791
15	1.1956	1.6588	1.0102	1.4816	1.9468	1.5424	1.3202	1.3426	1.2473	1.9514	1.3209	1.4622	1.8364	1.2445	0.0	1.3729	1.0772	1.4752	1.0832	1.7292
16	1.0225	1.2703	1.3212	1.247	1.1754	1.0434	1.3059	1.9887	1.9079	1.034	1.1618	1.1475	1.2685	1.3223	1.3729	0.0	1.4627	1.2111	1.4573	1.4277
17	1.0724	1.6724	1.7236	1.8865	1.9945	1.4821	1.2386	1.5944	1.2395	1.1851	1.9481	1.7022	1.0487	1.7826	1.0772	1.4627	0.0	1.8785	1.1699	1.4853
18	1.5021	1.4315	1.4621	1.0508	1.5231	1.2805	1.7164	1.3035	1.3811	1.2199	1.1942	1.8834	1.3264	1.447	1.4752	1.2111	1.8785	0.0	1.1058	1.0655
19	1.0796	1.0987	1.3129	1.2003	1.8882	1.1187	1.6592	1.152	1.1389	1.495	1.323	1.2411	1.6829	1.6055	1.0832	1.4573	1.1699	1.1058	0.0	1.8841
20	1.4192	1.8864	1.9963	1.0427	1.6849	1.7594	1.8898	1.0737	1.1819	1.9142	1.6655	1.4734	1.3952	1.1791	1.7292	1.4277	1.4853	1.0655	1.8841	0.0
;

# Dups: 3

# Chans: 81

# Actor Affinities
# 27 47 44
# 27 47 44
# 27 47 44
# 43 35 42
# 43 35 42
# 43 35 42
# 46 27 30
# 46 27 30
# 46 27 30
# 42 29 30
# 42 29 30
# 42 29 30
# 41 38 40
# 41 38 40
# 41 38 40
# 35 27 38
# 35 27 38
# 35 27 38
# 36 41 37
# 36 41 37
# 36 41 37
# 35 42 43
# 35 42 43
# 35 42 43
# 29 38 27
# 29 38 27
# 29 38 27

# Processor Affinities
# 11 10 11
# 12 11 11
# 12 10 12
# 10 12 11
# 11 11 11
# 11 11 11
# 11 10 11
# 11 10 11
# 12 10 12
# 12 11 10
# 12 11 10
# 10 11 10
# 10 11 10
# 10 11 10
# 11 12 12
# 12 11 11
# 10 11 12
# 12 10 10
# 12 11 12
# 12 11 11

# Topology
# 0 0 0 0 0 0 0 0 0 0 0 0 0 0 0 0 0 0 -1 0 0 0 0 0 1 0 0
# 0 0 0 0 0 0 0 0 0 0 0 0 0 0 0 0 0 0 0 -1 0 0 0 0 1 0 0
# 0 0 0 0 0 0 0 0 0 0 0 0 0 0 0 0 0 0 0 0 -1 0 0 0 1 0 0
# 0 0 0 0 0 0 0 0 0 0 0 0 0 0 0 0 0 0 -1 0 0 0 0 0 0 1 0
# 0 0 0 0 0 0 0 0 0 0 0 0 0 0 0 0 0 0 0 -1 0 0 0 0 0 1 0
# 0 0 0 0 0 0 0 0 0 0 0 0 0 0 0 0 0 0 0 0 -1 0 0 0 0 1 0
# 0 0 0 0 0 0 0 0 0 0 0 0 0 0 0 0 0 0 -1 0 0 0 0 0 0 0 1
# 0 0 0 0 0 0 0 0 0 0 0 0 0 0 0 0 0 0 0 -1 0 0 0 0 0 0 1
# 0 0 0 0 0 0 0 0 0 0 0 0 0 0 0 0 0 0 0 0 -1 0 0 0 0 0 1
# 0 0 0 -1 0 0 0 0 0 0 0 0 1 0 0 0 0 0 0 0 0 0 0 0 0 0 0
# 0 0 0 0 -1 0 0 0 0 0 0 0 1 0 0 0 0 0 0 0 0 0 0 0 0 0 0
# 0 0 0 0 0 -1 0 0 0 0 0 0 1 0 0 0 0 0 0 0 0 0 0 0 0 0 0
# 0 0 0 -1 0 0 0 0 0 0 0 0 0 1 0 0 0 0 0 0 0 0 0 0 0 0 0
# 0 0 0 0 -1 0 0 0 0 0 0 0 0 1 0 0 0 0 0 0 0 0 0 0 0 0 0
# 0 0 0 0 0 -1 0 0 0 0 0 0 0 1 0 0 0 0 0 0 0 0 0 0 0 0 0
# 0 0 0 -1 0 0 0 0 0 0 0 0 0 0 1 0 0 0 0 0 0 0 0 0 0 0 0
# 0 0 0 0 -1 0 0 0 0 0 0 0 0 0 1 0 0 0 0 0 0 0 0 0 0 0 0
# 0 0 0 0 0 -1 0 0 0 0 0 0 0 0 1 0 0 0 0 0 0 0 0 0 0 0 0
# 0 0 0 0 0 0 0 0 0 0 0 0 0 0 0 -1 0 0 0 0 0 0 0 0 1 0 0
# 0 0 0 0 0 0 0 0 0 0 0 0 0 0 0 0 -1 0 0 0 0 0 0 0 1 0 0
# 0 0 0 0 0 0 0 0 0 0 0 0 0 0 0 0 0 -1 0 0 0 0 0 0 1 0 0
# 0 0 0 0 0 0 0 0 0 0 0 0 0 0 0 -1 0 0 0 0 0 0 0 0 0 1 0
# 0 0 0 0 0 0 0 0 0 0 0 0 0 0 0 0 -1 0 0 0 0 0 0 0 0 1 0
# 0 0 0 0 0 0 0 0 0 0 0 0 0 0 0 0 0 -1 0 0 0 0 0 0 0 1 0
# 0 0 0 0 0 0 0 0 0 0 0 0 0 0 0 -1 0 0 0 0 0 0 0 0 0 0 1
# 0 0 0 0 0 0 0 0 0 0 0 0 0 0 0 0 -1 0 0 0 0 0 0 0 0 0 1
# 0 0 0 0 0 0 0 0 0 0 0 0 0 0 0 0 0 -1 0 0 0 0 0 0 0 0 1
# 0 0 0 0 0 0 0 0 0 1 0 0 -1 0 0 0 0 0 0 0 0 0 0 0 0 0 0
# 0 0 0 0 0 0 0 0 0 1 0 0 0 -1 0 0 0 0 0 0 0 0 0 0 0 0 0
# 0 0 0 0 0 0 0 0 0 1 0 0 0 0 -1 0 0 0 0 0 0 0 0 0 0 0 0
# 0 0 0 0 0 0 0 0 0 0 1 0 -1 0 0 0 0 0 0 0 0 0 0 0 0 0 0
# 0 0 0 0 0 0 0 0 0 0 1 0 0 -1 0 0 0 0 0 0 0 0 0 0 0 0 0
# 0 0 0 0 0 0 0 0 0 0 1 0 0 0 -1 0 0 0 0 0 0 0 0 0 0 0 0
# 0 0 0 0 0 0 0 0 0 0 0 1 -1 0 0 0 0 0 0 0 0 0 0 0 0 0 0
# 0 0 0 0 0 0 0 0 0 0 0 1 0 -1 0 0 0 0 0 0 0 0 0 0 0 0 0
# 0 0 0 0 0 0 0 0 0 0 0 1 0 0 -1 0 0 0 0 0 0 0 0 0 0 0 0
# 0 0 0 0 0 0 0 0 0 1 0 0 0 0 0 0 0 0 0 0 0 -1 0 0 0 0 0
# 0 0 0 0 0 0 0 0 0 1 0 0 0 0 0 0 0 0 0 0 0 0 -1 0 0 0 0
# 0 0 0 0 0 0 0 0 0 1 0 0 0 0 0 0 0 0 0 0 0 0 0 -1 0 0 0
# 0 0 0 0 0 0 0 0 0 0 1 0 0 0 0 0 0 0 0 0 0 -1 0 0 0 0 0
# 0 0 0 0 0 0 0 0 0 0 1 0 0 0 0 0 0 0 0 0 0 0 -1 0 0 0 0
# 0 0 0 0 0 0 0 0 0 0 1 0 0 0 0 0 0 0 0 0 0 0 0 -1 0 0 0
# 0 0 0 0 0 0 0 0 0 0 0 1 0 0 0 0 0 0 0 0 0 -1 0 0 0 0 0
# 0 0 0 0 0 0 0 0 0 0 0 1 0 0 0 0 0 0 0 0 0 0 -1 0 0 0 0
# 0 0 0 0 0 0 0 0 0 0 0 1 0 0 0 0 0 0 0 0 0 0 0 -1 0 0 0
# 0 0 0 0 0 0 -1 0 0 1 0 0 0 0 0 0 0 0 0 0 0 0 0 0 0 0 0
# 0 0 0 0 0 0 0 -1 0 1 0 0 0 0 0 0 0 0 0 0 0 0 0 0 0 0 0
# 0 0 0 0 0 0 0 0 -1 1 0 0 0 0 0 0 0 0 0 0 0 0 0 0 0 0 0
# 0 0 0 0 0 0 -1 0 0 0 1 0 0 0 0 0 0 0 0 0 0 0 0 0 0 0 0
# 0 0 0 0 0 0 0 -1 0 0 1 0 0 0 0 0 0 0 0 0 0 0 0 0 0 0 0
# 0 0 0 0 0 0 0 0 -1 0 1 0 0 0 0 0 0 0 0 0 0 0 0 0 0 0 0
# 0 0 0 0 0 0 -1 0 0 0 0 1 0 0 0 0 0 0 0 0 0 0 0 0 0 0 0
# 0 0 0 0 0 0 0 -1 0 0 0 1 0 0 0 0 0 0 0 0 0 0 0 0 0 0 0
# 0 0 0 0 0 0 0 0 -1 0 0 1 0 0 0 0 0 0 0 0 0 0 0 0 0 0 0
# 0 0 0 0 0 0 1 0 0 0 0 0 0 0 0 -1 0 0 0 0 0 0 0 0 0 0 0
# 0 0 0 0 0 0 1 0 0 0 0 0 0 0 0 0 -1 0 0 0 0 0 0 0 0 0 0
# 0 0 0 0 0 0 1 0 0 0 0 0 0 0 0 0 0 -1 0 0 0 0 0 0 0 0 0
# 0 0 0 0 0 0 0 1 0 0 0 0 0 0 0 -1 0 0 0 0 0 0 0 0 0 0 0
# 0 0 0 0 0 0 0 1 0 0 0 0 0 0 0 0 -1 0 0 0 0 0 0 0 0 0 0
# 0 0 0 0 0 0 0 1 0 0 0 0 0 0 0 0 0 -1 0 0 0 0 0 0 0 0 0
# 0 0 0 0 0 0 0 0 1 0 0 0 0 0 0 -1 0 0 0 0 0 0 0 0 0 0 0
# 0 0 0 0 0 0 0 0 1 0 0 0 0 0 0 0 -1 0 0 0 0 0 0 0 0 0 0
# 0 0 0 0 0 0 0 0 1 0 0 0 0 0 0 0 0 -1 0 0 0 0 0 0 0 0 0
# 1 0 0 0 0 0 0 0 0 0 0 0 -1 0 0 0 0 0 0 0 0 0 0 0 0 0 0
# 1 0 0 0 0 0 0 0 0 0 0 0 0 -1 0 0 0 0 0 0 0 0 0 0 0 0 0
# 1 0 0 0 0 0 0 0 0 0 0 0 0 0 -1 0 0 0 0 0 0 0 0 0 0 0 0
# 0 1 0 0 0 0 0 0 0 0 0 0 -1 0 0 0 0 0 0 0 0 0 0 0 0 0 0
# 0 1 0 0 0 0 0 0 0 0 0 0 0 -1 0 0 0 0 0 0 0 0 0 0 0 0 0
# 0 1 0 0 0 0 0 0 0 0 0 0 0 0 -1 0 0 0 0 0 0 0 0 0 0 0 0
# 0 0 1 0 0 0 0 0 0 0 0 0 -1 0 0 0 0 0 0 0 0 0 0 0 0 0 0
# 0 0 1 0 0 0 0 0 0 0 0 0 0 -1 0 0 0 0 0 0 0 0 0 0 0 0 0
# 0 0 1 0 0 0 0 0 0 0 0 0 0 0 -1 0 0 0 0 0 0 0 0 0 0 0 0
# 0 0 0 0 0 0 0 0 0 0 0 0 0 0 0 1 0 0 -1 0 0 0 0 0 0 0 0
# 0 0 0 0 0 0 0 0 0 0 0 0 0 0 0 1 0 0 0 -1 0 0 0 0 0 0 0
# 0 0 0 0 0 0 0 0 0 0 0 0 0 0 0 1 0 0 0 0 -1 0 0 0 0 0 0
# 0 0 0 0 0 0 0 0 0 0 0 0 0 0 0 0 1 0 -1 0 0 0 0 0 0 0 0
# 0 0 0 0 0 0 0 0 0 0 0 0 0 0 0 0 1 0 0 -1 0 0 0 0 0 0 0
# 0 0 0 0 0 0 0 0 0 0 0 0 0 0 0 0 1 0 0 0 -1 0 0 0 0 0 0
# 0 0 0 0 0 0 0 0 0 0 0 0 0 0 0 0 0 1 -1 0 0 0 0 0 0 0 0
# 0 0 0 0 0 0 0 0 0 0 0 0 0 0 0 0 0 1 0 -1 0 0 0 0 0 0 0
# 0 0 0 0 0 0 0 0 0 0 0 0 0 0 0 0 0 1 0 0 -1 0 0 0 0 0 0
