data;

param n := 12;

param p := 20;

param AG :
	1	2	3	4	5	6	7	8	9	10	11	12 :=
1	0	1	1	0	0	0	0	0	0	0	0	0
2	1	0	1	0	0	0	0	0	0	0	0	0
3	1	1	0	0	0	0	0	0	0	0	0	0
4	0	0	0	0	1	1	0	0	0	0	0	0
5	0	0	0	1	0	1	0	0	0	0	0	0
6	0	0	0	1	1	0	0	0	0	0	0	0
7	0	0	0	0	0	0	0	1	1	0	0	0
8	0	0	0	0	0	0	1	0	1	0	0	0
9	0	0	0	0	0	0	1	1	0	0	0	0
10	0	0	0	0	0	0	0	0	0	0	1	1
11	0	0	0	0	0	0	0	0	0	1	0	1
12	0	0	0	0	0	0	0	0	0	1	1	0
;

param PI :
	1	2	3	4	5	6	7	8	9	10	11	12	13	14	15	16	17	18	19	20 :=
1	3.7823	3.5545	3.5523	3.5568	3.7823	3.8891	3.6591	3.685	4.0173	3.7895	3.5568	3.7636	3.6614	3.68	3.915	3.915	4.14	4.0118	3.8864	3.7818
2	3.7823	3.5545	3.5523	3.5568	3.7823	3.8891	3.6591	3.685	4.0173	3.7895	3.5568	3.7636	3.6614	3.68	3.915	3.915	4.14	4.0118	3.8864	3.7818
3	3.7823	3.5545	3.5523	3.5568	3.7823	3.8891	3.6591	3.685	4.0173	3.7895	3.5568	3.7636	3.6614	3.68	3.915	3.915	4.14	4.0118	3.8864	3.7818
4	2.9364	2.7705	2.8364	2.8159	2.9364	3.0273	2.9273	2.925	3.1364	2.9705	2.8159	2.9727	2.8614	2.825	3.025	3.025	3.27	3.1609	3.1064	3.0609
5	2.9364	2.7705	2.8364	2.8159	2.9364	3.0273	2.9273	2.925	3.1364	2.9705	2.8159	2.9727	2.8614	2.825	3.025	3.025	3.27	3.1609	3.1064	3.0609
6	2.9364	2.7705	2.8364	2.8159	2.9364	3.0273	2.9273	2.925	3.1364	2.9705	2.8159	2.9727	2.8614	2.825	3.025	3.025	3.27	3.1609	3.1064	3.0609
7	2.965	2.7614	2.775	2.7318	2.965	3.0218	2.8318	2.8	3.09	2.8864	2.7318	2.9182	2.8182	2.865	2.99	2.99	3.21	3.1418	3.0382	2.9518
8	2.965	2.7614	2.775	2.7318	2.965	3.0218	2.8318	2.8	3.09	2.8864	2.7318	2.9182	2.8182	2.865	2.99	2.99	3.21	3.1418	3.0382	2.9518
9	2.965	2.7614	2.775	2.7318	2.965	3.0218	2.8318	2.8	3.09	2.8864	2.7318	2.9182	2.8182	2.865	2.99	2.99	3.21	3.1418	3.0382	2.9518
10	2.1955	2.0682	2.0455	2.0682	2.1955	2.2636	2.1136	2.15	2.3455	2.2182	2.0682	2.1818	2.1364	2.15	2.3	2.3	2.4	2.3182	2.2364	2.1682
11	2.1955	2.0682	2.0455	2.0682	2.1955	2.2636	2.1136	2.15	2.3455	2.2182	2.0682	2.1818	2.1364	2.15	2.3	2.3	2.4	2.3182	2.2364	2.1682
12	2.1955	2.0682	2.0455	2.0682	2.1955	2.2636	2.1136	2.15	2.3455	2.2182	2.0682	2.1818	2.1364	2.15	2.3	2.3	2.4	2.3182	2.2364	2.1682
;

param CA :
	1	2	3	4	5	6	7	8	9	10	11	12 :=
1	0.0	0.0	0.0	0.0	0.0	0.0	6.0	6.0	6.0	0.0	0.0	0.0
2	0.0	0.0	0.0	0.0	0.0	0.0	6.0	6.0	6.0	0.0	0.0	0.0
3	0.0	0.0	0.0	0.0	0.0	0.0	6.0	6.0	6.0	0.0	0.0	0.0
4	0.0	0.0	0.0	0.0	0.0	0.0	6.0	6.0	6.0	0.0	0.0	0.0
5	0.0	0.0	0.0	0.0	0.0	0.0	6.0	6.0	6.0	0.0	0.0	0.0
6	0.0	0.0	0.0	0.0	0.0	0.0	6.0	6.0	6.0	0.0	0.0	0.0
7	6.0	6.0	6.0	6.0	6.0	6.0	0.0	0.0	0.0	12.0	12.0	12.0
8	6.0	6.0	6.0	6.0	6.0	6.0	0.0	0.0	0.0	12.0	12.0	12.0
9	6.0	6.0	6.0	6.0	6.0	6.0	0.0	0.0	0.0	12.0	12.0	12.0
10	0.0	0.0	0.0	0.0	0.0	0.0	12.0	12.0	12.0	0.0	0.0	0.0
11	0.0	0.0	0.0	0.0	0.0	0.0	12.0	12.0	12.0	0.0	0.0	0.0
12	0.0	0.0	0.0	0.0	0.0	0.0	12.0	12.0	12.0	0.0	0.0	0.0
;

param CP :
	1	2	3	4	5	6	7	8	9	10	11	12	13	14	15	16	17	18	19	20 :=
1	0.0	1.1601	1.1946	1.0577	1.3628	1.9389	1.8806	1.6324	1.4559	1.7929	1.6474	1.8362	1.0387	1.8191	1.2623	1.5034	1.4074	1.4382	1.0305	1.0821
2	1.1601	0.0	1.3311	1.9474	1.7042	1.6103	1.3602	1.6474	1.8535	1.4952	1.488	1.4345	1.4852	1.8165	1.2404	1.4787	1.3174	1.1787	1.7068	1.2084
3	1.1946	1.3311	0.0	1.2681	1.4146	1.0383	1.8	1.9893	1.6731	1.8332	1.636	1.6155	1.1428	1.9276	1.5601	1.727	1.4508	1.0967	1.9612	1.2438
4	1.0577	1.9474	1.2681	0.0	1.6056	1.8398	1.0389	1.2013	1.3494	1.3277	1.4624	1.9287	1.1455	1.9906	1.603	1.1236	1.433	1.6927	1.2656	1.5299
5	1.3628	1.7042	1.4146	1.6056	0.0	1.7275	1.4554	1.4808	1.8438	1.2533	1.622	1.8529	1.0237	1.8108	1.0428	1.8243	1.0241	1.8449	1.4985	1.6482
6	1.9389	1.6103	1.0383	1.8398	1.7275	0.0	1.7064	1.8329	1.7802	1.9275	1.564	1.0768	1.738	1.6825	1.0263	1.5635	1.0106	1.2512	1.0387	1.8689
7	1.8806	1.3602	1.8	1.0389	1.4554	1.7064	0.0	1.4409	1.7995	1.4639	1.2137	1.9813	1.0246	1.6893	1.4023	1.4407	1.8732	1.0289	1.2752	1.1448
8	1.6324	1.6474	1.9893	1.2013	1.4808	1.8329	1.4409	0.0	1.6898	1.9363	1.1748	1.9969	1.1796	1.9344	1.913	1.6898	1.9153	1.92	1.1479	1.3889
9	1.4559	1.8535	1.6731	1.3494	1.8438	1.7802	1.7995	1.6898	0.0	1.5796	1.45	1.6853	1.0865	1.426	1.3863	1.836	1.6172	1.0336	1.1534	1.5994
10	1.7929	1.4952	1.8332	1.3277	1.2533	1.9275	1.4639	1.9363	1.5796	0.0	1.2134	1.3809	1.6281	1.1051	1.4453	1.1779	1.9197	1.7238	1.604	1.9799
11	1.6474	1.488	1.636	1.4624	1.622	1.564	1.2137	1.1748	1.45	1.2134	0.0	1.4121	1.6482	1.3902	1.9926	1.1302	1.4772	1.0028	1.0232	1.2273
12	1.8362	1.4345	1.6155	1.9287	1.8529	1.0768	1.9813	1.9969	1.6853	1.3809	1.4121	0.0	1.1466	1.8129	1.3329	1.6223	1.5937	1.5746	1.8166	1.7741
13	1.0387	1.4852	1.1428	1.1455	1.0237	1.738	1.0246	1.1796	1.0865	1.6281	1.6482	1.1466	0.0	1.5428	1.1248	1.9346	1.5854	1.3888	1.1787	1.5892
14	1.8191	1.8165	1.9276	1.9906	1.8108	1.6825	1.6893	1.9344	1.426	1.1051	1.3902	1.8129	1.5428	0.0	1.6891	1.5401	1.1959	1.3908	1.039	1.2433
15	1.2623	1.2404	1.5601	1.603	1.0428	1.0263	1.4023	1.913	1.3863	1.4453	1.9926	1.3329	1.1248	1.6891	0.0	1.4604	1.1111	1.0257	1.4258	1.195
16	1.5034	1.4787	1.727	1.1236	1.8243	1.5635	1.4407	1.6898	1.836	1.1779	1.1302	1.6223	1.9346	1.5401	1.4604	0.0	1.1919	1.8249	1.2769	1.288
17	1.4074	1.3174	1.4508	1.433	1.0241	1.0106	1.8732	1.9153	1.6172	1.9197	1.4772	1.5937	1.5854	1.1959	1.1111	1.1919	0.0	1.0437	1.464	1.1987
18	1.4382	1.1787	1.0967	1.6927	1.8449	1.2512	1.0289	1.92	1.0336	1.7238	1.0028	1.5746	1.3888	1.3908	1.0257	1.8249	1.0437	0.0	1.6718	1.8962
19	1.0305	1.7068	1.9612	1.2656	1.4985	1.0387	1.2752	1.1479	1.1534	1.604	1.0232	1.8166	1.1787	1.039	1.4258	1.2769	1.464	1.6718	0.0	1.2273
20	1.0821	1.2084	1.2438	1.5299	1.6482	1.8689	1.1448	1.3889	1.5994	1.9799	1.2273	1.7741	1.5892	1.2433	1.195	1.288	1.1987	1.8962	1.2273	0.0
;

# Dups: 3

# Chans: 36

# Actor Affinities
# 46 47 45
# 46 47 45
# 46 47 45
# 20 40 49
# 20 40 49
# 20 40 49
# 38 25 44
# 38 25 44
# 38 25 44
# 30 30 20
# 30 30 20
# 30 30 20

# Processor Affinities
# 10 12 11
# 11 12 12
# 12 12 11
# 12 11 12
# 10 12 11
# 10 11 11
# 12 11 11
# 12 10 12
# 10 10 11
# 11 10 12
# 12 11 12
# 11 11 11
# 11 11 12
# 10 12 12
# 10 10 12
# 10 10 12
# 10 10 10
# 10 11 10
# 11 11 10
# 12 11 10

# Topology
# 0 0 0 0 0 0 -3 0 0 3 0 0
# 0 0 0 0 0 0 0 -3 0 3 0 0
# 0 0 0 0 0 0 0 0 -3 3 0 0
# 0 0 0 0 0 0 -3 0 0 0 3 0
# 0 0 0 0 0 0 0 -3 0 0 3 0
# 0 0 0 0 0 0 0 0 -3 0 3 0
# 0 0 0 0 0 0 -3 0 0 0 0 3
# 0 0 0 0 0 0 0 -3 0 0 0 3
# 0 0 0 0 0 0 0 0 -3 0 0 3
# 0 0 0 0 0 0 -3 0 0 3 0 0
# 0 0 0 0 0 0 0 -3 0 3 0 0
# 0 0 0 0 0 0 0 0 -3 3 0 0
# 0 0 0 0 0 0 -3 0 0 0 3 0
# 0 0 0 0 0 0 0 -3 0 0 3 0
# 0 0 0 0 0 0 0 0 -3 0 3 0
# 0 0 0 0 0 0 -3 0 0 0 0 3
# 0 0 0 0 0 0 0 -3 0 0 0 3
# 0 0 0 0 0 0 0 0 -3 0 0 3
# 1 0 0 0 0 0 -3 0 0 0 0 0
# 1 0 0 0 0 0 0 -3 0 0 0 0
# 1 0 0 0 0 0 0 0 -3 0 0 0
# 0 1 0 0 0 0 -3 0 0 0 0 0
# 0 1 0 0 0 0 0 -3 0 0 0 0
# 0 1 0 0 0 0 0 0 -3 0 0 0
# 0 0 1 0 0 0 -3 0 0 0 0 0
# 0 0 1 0 0 0 0 -3 0 0 0 0
# 0 0 1 0 0 0 0 0 -3 0 0 0
# 0 0 0 -6 0 0 3 0 0 0 0 0
# 0 0 0 0 -6 0 3 0 0 0 0 0
# 0 0 0 0 0 -6 3 0 0 0 0 0
# 0 0 0 -6 0 0 0 3 0 0 0 0
# 0 0 0 0 -6 0 0 3 0 0 0 0
# 0 0 0 0 0 -6 0 3 0 0 0 0
# 0 0 0 -6 0 0 0 0 3 0 0 0
# 0 0 0 0 -6 0 0 0 3 0 0 0
# 0 0 0 0 0 -6 0 0 3 0 0 0
