data;

param n := 12;

param p := 13;

param AG :
	1	2	3	4	5	6	7	8	9	10	11	12 :=
1	0	0	0	0	0	0	0	0	0	0	0	0
2	0	0	0	0	0	0	0	0	0	0	0	0
3	0	0	0	0	0	0	0	0	0	0	0	0
4	0	0	0	0	0	0	0	0	0	0	0	0
5	0	0	0	0	0	0	0	0	0	0	0	0
6	0	0	0	0	0	0	0	0	0	0	0	0
7	0	0	0	0	0	0	0	0	0	0	0	0
8	0	0	0	0	0	0	0	0	0	0	0	0
9	0	0	0	0	0	0	0	0	0	0	0	0
10	0	0	0	0	0	0	0	0	0	0	0	0
11	0	0	0	0	0	0	0	0	0	0	0	0
12	0	0	0	0	0	0	0	0	0	0	0	0
;

param PI :
	1	2	3	4	5	6	7	8	9	10	11	12	13 :=
1	1.8345	1.89	1.675	1.795	1.78	1.7795	1.8345	1.8345	1.905	1.9527	1.7295	1.675	1.845
2	2.9127	2.965	2.65	2.865	2.815	2.8159	2.9127	2.9127	3.015	3.09	2.7477	2.65	2.9332
3	2.7795	2.945	2.6	2.775	2.7	2.7909	2.7795	2.7795	3.02	3.0655	2.6795	2.6	2.8864
4	2.655	2.8	2.425	2.535	2.605	2.5636	2.655	2.655	2.73	2.8118	2.475	2.425	2.6236
5	3.0859	3.245	2.825	2.97	3.02	2.9932	3.0859	3.0859	3.195	3.2836	2.8909	2.825	3.0723
6	3.1564	3.205	2.875	3.12	3.045	3.0591	3.1564	3.1564	3.28	3.3573	2.9864	2.875	3.1927
7	3.1918	3.3	2.9	3.08	3.11	3.0682	3.1918	3.1918	3.27	3.3655	2.9818	2.9	3.1664
8	2.6682	2.79	2.45	2.6	2.6	2.6045	2.6682	2.6682	2.79	2.8582	2.5182	2.45	2.6864
9	2.5327	2.545	2.3	2.515	2.435	2.4477	2.5327	2.5327	2.625	2.6864	2.3977	2.3	2.565
10	2.815	2.84	2.55	2.77	2.715	2.7068	2.815	2.815	2.895	2.97	2.65	2.55	2.8268
11	2.8686	3.04	2.65	2.79	2.805	2.8205	2.8686	2.8686	3.025	3.0955	2.7136	2.65	2.8968
12	2.5373	2.565	2.325	2.55	2.435	2.4864	2.5373	2.5373	2.68	2.73	2.4273	2.325	2.6091
;

param CA :
	1	2	3	4	5	6	7	8	9	10	11	12 :=
1	0.0	0.0	0.0	1.0	1.0	1.0	1.0	0.0	0.0	0.0	0.0	0.0
2	0.0	0.0	0.0	1.0	0.0	0.0	0.0	0.0	0.0	0.0	0.0	0.0
3	0.0	0.0	0.0	0.0	0.0	0.0	0.0	0.0	1.0	0.0	0.0	0.0
4	1.0	1.0	0.0	0.0	0.0	0.0	0.0	0.0	0.0	0.0	0.0	0.0
5	1.0	0.0	0.0	0.0	0.0	0.0	1.0	0.0	0.0	0.0	0.0	1.0
6	1.0	0.0	0.0	0.0	0.0	0.0	0.0	1.0	1.0	0.0	0.0	0.0
7	1.0	0.0	0.0	0.0	1.0	0.0	0.0	0.0	0.0	1.0	0.0	0.0
8	0.0	0.0	0.0	0.0	0.0	1.0	0.0	0.0	0.0	0.0	0.0	0.0
9	0.0	0.0	1.0	0.0	0.0	1.0	0.0	0.0	0.0	0.0	0.0	0.0
10	0.0	0.0	0.0	0.0	0.0	0.0	1.0	0.0	0.0	0.0	1.0	0.0
11	0.0	0.0	0.0	0.0	0.0	0.0	0.0	0.0	0.0	1.0	0.0	0.0
12	0.0	0.0	0.0	0.0	1.0	0.0	0.0	0.0	0.0	0.0	0.0	0.0
;

param CP :
	1	2	3	4	5	6	7	8	9	10	11	12	13 :=
1	0.0	1.6521	1.8596	1.8586	1.9349	1.0079	1.3224	1.7712	1.8143	1.7036	1.8569	1.6949	1.9082
2	1.6521	0.0	1.8794	1.5261	1.7619	1.7877	1.8215	1.2078	1.1152	1.3617	1.5768	1.7922	1.8927
3	1.8596	1.8794	0.0	1.7983	1.6687	1.0253	1.6759	1.7845	1.932	1.5415	1.1984	1.6973	1.8787
4	1.8586	1.5261	1.7983	0.0	1.1123	1.7646	1.7859	1.1849	1.4923	1.9393	1.4554	1.9892	1.0977
5	1.9349	1.7619	1.6687	1.1123	0.0	1.4843	1.7498	1.0167	1.3823	1.8626	1.6449	1.0324	1.7088
6	1.0079	1.7877	1.0253	1.7646	1.4843	0.0	1.9205	1.2453	1.142	1.576	1.3337	1.3936	1.3907
7	1.3224	1.8215	1.6759	1.7859	1.7498	1.9205	0.0	1.4948	1.8719	1.1692	1.0299	1.6694	1.6636
8	1.7712	1.2078	1.7845	1.1849	1.0167	1.2453	1.4948	0.0	1.6899	1.0899	1.2755	1.6976	1.2401
9	1.8143	1.1152	1.932	1.4923	1.3823	1.142	1.8719	1.6899	0.0	1.2906	1.6594	1.6951	1.7489
10	1.7036	1.3617	1.5415	1.9393	1.8626	1.576	1.1692	1.0899	1.2906	0.0	1.9255	1.2463	1.6825
11	1.8569	1.5768	1.1984	1.4554	1.6449	1.3337	1.0299	1.2755	1.6594	1.9255	0.0	1.8084	1.3793
12	1.6949	1.7922	1.6973	1.9892	1.0324	1.3936	1.6694	1.6976	1.6951	1.2463	1.8084	0.0	1.7121
13	1.9082	1.8927	1.8787	1.0977	1.7088	1.3907	1.6636	1.2401	1.7489	1.6825	1.3793	1.7121	0.0
;

# Dups: 1

# Chans: 12

# Actor Affinities
# 22 24 21
# 30 43 33
# 49 35 20
# 39 22 36
# 45 29 39
# 32 49 34
# 38 36 42
# 38 30 30
# 22 43 27
# 25 44 33
# 47 28 31
# 26 45 22

# Processor Affinities
# 12 11 10
# 10 12 10
# 12 12 12
# 12 10 12
# 12 12 10
# 11 11 12
# 12 11 10
# 12 11 10
# 10 10 12
# 10 10 11
# 12 11 12
# 12 12 12
# 11 10 12

# Topology
# 0 0 0 0 0 0 0 0 0 -1 1 0
# 0 0 0 0 0 -1 0 0 1 0 0 0
# 1 0 0 -1 0 0 0 0 0 0 0 0
# 0 0 -1 0 0 0 0 0 1 0 0 0
# 0 0 0 0 1 0 0 0 0 0 0 -1
# 1 0 0 0 0 -1 0 0 0 0 0 0
# 0 0 0 0 0 -1 0 1 0 0 0 0
# 0 0 0 0 -1 0 1 0 0 0 0 0
# -1 0 0 0 0 0 1 0 0 0 0 0
# 1 0 0 0 -1 0 0 0 0 0 0 0
# 0 0 0 0 0 0 1 0 0 -1 0 0
# 0 1 0 -1 0 0 0 0 0 0 0 0
